-0.060000,-1.030000,0.000000
-0.060000,-1.020000,0.000000
-0.060000,-1.010000,0.000000
-0.060000,-1.000000,0.000000
-0.060000,-0.990000,0.000000
-0.060000,-0.980000,0.000000
-0.060000,-0.970000,0.000000
-0.060000,-0.960000,0.000000
-0.060000,-0.950000,0.000000
-0.060000,-0.940000,0.000000
-0.060000,-0.930000,0.000000
-0.060000,-0.920000,0.000000
-0.060000,-0.910000,0.000000
-0.060000,-0.900000,0.000000
-0.060000,-0.890000,0.000000
-0.060000,-0.880000,0.000000
-0.060000,-0.870000,0.000000
-0.060000,-0.860000,0.000000
-0.060000,-0.850000,0.000000
-0.060000,-0.840000,0.000000
-0.060000,-0.830000,0.000000
-0.060000,-0.820000,0.000000
-0.060000,-0.810000,0.000000
-0.060000,-0.800000,0.000000
-0.060000,-0.790000,0.000000
-0.060000,-0.780000,0.000000
-0.060000,-0.770000,0.016159
-0.060000,-0.760000,0.023753
-0.060000,-0.750000,0.028741
-0.060000,-0.740000,0.000000
-0.060000,-0.730000,0.000000
-0.060000,-0.720000,0.000000
-0.060000,-0.710000,0.025642
-0.060000,-0.700000,0.026218
-0.060000,-0.690000,0.027134
-0.060000,-0.680000,0.027923
-0.060000,-0.670000,0.028113
-0.060000,-0.660000,0.028695
-0.060000,-0.650000,0.029107
-0.060000,-0.640000,0.029351
-0.060000,-0.630000,0.029399
-0.060000,-0.620000,0.029383
-0.060000,-0.610000,0.029355
-0.060000,-0.600000,0.029331
-0.060000,-0.590000,0.029379
-0.060000,-0.580000,0.029579
-0.060000,-0.570000,0.030039
-0.060000,-0.560000,0.030721
-0.060000,-0.550000,0.031644
-0.060000,-0.540000,0.032707
-0.060000,-0.530000,0.033768
-0.060000,-0.520000,0.034748
-0.060000,-0.510000,0.035609
-0.060000,-0.500000,0.036301
-0.060000,-0.490000,0.036811
-0.060000,-0.480000,0.037122
-0.060000,-0.470000,0.037230
-0.060000,-0.460000,0.037133
-0.060000,-0.450000,0.036769
-0.060000,-0.440000,0.036189
-0.060000,-0.430000,0.035333
-0.060000,-0.420000,0.034462
-0.060000,-0.410000,0.033649
-0.060000,-0.400000,0.032821
-0.060000,-0.390000,0.031713
-0.060000,-0.380000,0.029004
-0.060000,-0.370000,0.000000
-0.060000,-0.360000,0.020063
-0.060000,-0.350000,0.021150
-0.060000,-0.340000,0.022197
-0.060000,-0.330000,0.023131
-0.060000,-0.320000,0.023985
-0.060000,-0.310000,0.024756
-0.060000,-0.300000,0.025478
-0.060000,-0.290000,0.026140
-0.060000,-0.280000,0.026756
-0.060000,-0.270000,0.027335
-0.060000,-0.260000,0.027846
-0.060000,-0.250000,0.028356
-0.060000,-0.240000,0.028822
-0.060000,-0.230000,0.029270
-0.060000,-0.220000,0.029721
-0.060000,-0.210000,0.030185
-0.060000,-0.200000,0.030691
-0.060000,-0.190000,0.031252
-0.060000,-0.180000,0.031866
-0.060000,-0.170000,0.032522
-0.060000,-0.160000,0.033195
-0.060000,-0.150000,0.033910
-0.060000,-0.140000,0.034645
-0.060000,-0.130000,0.035385
-0.060000,-0.120000,0.036137
-0.060000,-0.110000,0.036894
-0.060000,-0.100000,0.000000
-0.060000,-0.090000,0.000000
-0.060000,-0.080000,0.000000
-0.060000,-0.070000,0.000000
-0.060000,-0.060000,0.000000
-0.060000,-0.050000,0.000000
-0.060000,-0.040000,0.000000
-0.060000,-0.030000,0.000000
-0.060000,-0.020000,0.000000
-0.060000,-0.010000,0.000000
-0.060000,0.000000,0.000000
-0.060000,0.010000,0.000000
-0.060000,0.020000,0.000000
-0.060000,0.030000,0.000000
-0.060000,0.040000,0.000000
-0.060000,0.050000,0.000000
-0.060000,0.060000,0.000000
-0.060000,0.070000,0.000000
-0.060000,0.080000,0.000000
-0.060000,0.090000,0.000000
-0.060000,0.100000,0.000000
-0.060000,0.110000,0.042343
-0.060000,0.120000,0.041300
-0.060000,0.130000,0.040021
-0.060000,0.140000,0.038513
-0.060000,0.150000,0.000000
-0.060000,0.160000,0.000000
-0.060000,0.170000,0.000000
-0.060000,0.180000,0.000000
-0.060000,0.190000,0.000000
-0.060000,0.200000,0.000000
-0.060000,0.210000,0.000000
-0.060000,0.220000,0.000000
-0.060000,0.230000,0.000000
-0.060000,0.240000,0.000000
-0.060000,0.250000,0.000000
-0.060000,0.260000,0.000000
-0.060000,0.270000,0.000000
-0.060000,0.280000,0.000000
-0.060000,0.290000,0.000000
-0.060000,0.300000,0.000000
-0.060000,0.310000,0.000000
-0.060000,0.320000,0.000000
-0.060000,0.330000,0.000000
-0.060000,0.340000,0.000000
-0.060000,0.350000,0.000000
-0.060000,0.360000,0.000000
-0.060000,0.370000,0.000000
-0.060000,0.380000,0.000000
-0.060000,0.390000,0.000000
-0.060000,0.400000,0.000000
-0.060000,0.410000,0.000000
-0.060000,0.420000,0.000000
-0.060000,0.430000,0.000000
-0.060000,0.440000,0.000000
-0.060000,0.450000,0.000000
-0.060000,0.460000,0.000000
-0.050000,-1.030000,0.000000
-0.050000,-1.020000,0.000000
-0.050000,-1.010000,0.000000
-0.050000,-1.000000,0.000000
-0.050000,-0.990000,0.000000
-0.050000,-0.980000,0.000000
-0.050000,-0.970000,0.000000
-0.050000,-0.960000,0.000000
-0.050000,-0.950000,0.000000
-0.050000,-0.940000,0.000000
-0.050000,-0.930000,0.000000
-0.050000,-0.920000,0.000000
-0.050000,-0.910000,0.000000
-0.050000,-0.900000,0.000000
-0.050000,-0.890000,0.000000
-0.050000,-0.880000,0.000000
-0.050000,-0.870000,0.000000
-0.050000,-0.860000,0.000000
-0.050000,-0.850000,0.000000
-0.050000,-0.840000,0.000000
-0.050000,-0.830000,0.000000
-0.050000,-0.820000,0.000000
-0.050000,-0.810000,0.000000
-0.050000,-0.800000,0.000000
-0.050000,-0.790000,0.000000
-0.050000,-0.780000,0.000000
-0.050000,-0.770000,0.011494
-0.050000,-0.760000,0.021695
-0.050000,-0.750000,0.027238
-0.050000,-0.740000,0.030771
-0.050000,-0.730000,0.000000
-0.050000,-0.720000,0.000000
-0.050000,-0.710000,0.000000
-0.050000,-0.700000,0.025923
-0.050000,-0.690000,0.026719
-0.050000,-0.680000,0.027404
-0.050000,-0.670000,0.027445
-0.050000,-0.660000,0.027880
-0.050000,-0.650000,0.028179
-0.050000,-0.640000,0.028277
-0.050000,-0.630000,0.028219
-0.050000,-0.620000,0.028077
-0.050000,-0.610000,0.027912
-0.050000,-0.600000,0.027760
-0.050000,-0.590000,0.027700
-0.050000,-0.580000,0.027851
-0.050000,-0.570000,0.028316
-0.050000,-0.560000,0.029114
-0.050000,-0.550000,0.030200
-0.050000,-0.540000,0.031415
-0.050000,-0.530000,0.032601
-0.050000,-0.520000,0.033678
-0.050000,-0.510000,0.034579
-0.050000,-0.500000,0.035288
-0.050000,-0.490000,0.035796
-0.050000,-0.480000,0.036099
-0.050000,-0.470000,0.036198
-0.050000,-0.460000,0.036068
-0.050000,-0.450000,0.035732
-0.050000,-0.440000,0.035143
-0.050000,-0.430000,0.034390
-0.050000,-0.420000,0.033641
-0.050000,-0.410000,0.032883
-0.050000,-0.400000,0.032035
-0.050000,-0.390000,0.030926
-0.050000,-0.380000,0.028141
-0.050000,-0.370000,0.000000
-0.050000,-0.360000,0.020006
-0.050000,-0.350000,0.020991
-0.050000,-0.340000,0.021933
-0.050000,-0.330000,0.022801
-0.050000,-0.320000,0.023578
-0.050000,-0.310000,0.024319
-0.050000,-0.300000,0.024977
-0.050000,-0.290000,0.025595
-0.050000,-0.280000,0.026203
-0.050000,-0.270000,0.026741
-0.050000,-0.260000,0.027246
-0.050000,-0.250000,0.027724
-0.050000,-0.240000,0.028178
-0.050000,-0.230000,0.028636
-0.050000,-0.220000,0.029100
-0.050000,-0.210000,0.029588
-0.050000,-0.200000,0.030112
-0.050000,-0.190000,0.030675
-0.050000,-0.180000,0.031274
-0.050000,-0.170000,0.031918
-0.050000,-0.160000,0.032594
-0.050000,-0.150000,0.033285
-0.050000,-0.140000,0.034007
-0.050000,-0.130000,0.034735
-0.050000,-0.120000,0.035487
-0.050000,-0.110000,0.036234
-0.050000,-0.100000,0.000000
-0.050000,-0.090000,0.000000
-0.050000,-0.080000,0.000000
-0.050000,-0.070000,0.000000
-0.050000,-0.060000,0.000000
-0.050000,-0.050000,0.000000
-0.050000,-0.040000,0.000000
-0.050000,-0.030000,0.000000
-0.050000,-0.020000,0.000000
-0.050000,-0.010000,0.000000
-0.050000,0.000000,0.000000
-0.050000,0.010000,0.000000
-0.050000,0.020000,0.000000
-0.050000,0.030000,0.000000
-0.050000,0.040000,0.000000
-0.050000,0.050000,0.000000
-0.050000,0.060000,0.000000
-0.050000,0.070000,0.000000
-0.050000,0.080000,0.000000
-0.050000,0.090000,0.000000
-0.050000,0.100000,0.000000
-0.050000,0.110000,0.041889
-0.050000,0.120000,0.040840
-0.050000,0.130000,0.039602
-0.050000,0.140000,0.038110
-0.050000,0.150000,0.000000
-0.050000,0.160000,0.000000
-0.050000,0.170000,0.000000
-0.050000,0.180000,0.000000
-0.050000,0.190000,0.000000
-0.050000,0.200000,0.000000
-0.050000,0.210000,0.000000
-0.050000,0.220000,0.000000
-0.050000,0.230000,0.000000
-0.050000,0.240000,0.000000
-0.050000,0.250000,0.000000
-0.050000,0.260000,0.000000
-0.050000,0.270000,0.000000
-0.050000,0.280000,0.000000
-0.050000,0.290000,0.000000
-0.050000,0.300000,0.000000
-0.050000,0.310000,0.000000
-0.050000,0.320000,0.000000
-0.050000,0.330000,0.000000
-0.050000,0.340000,0.000000
-0.050000,0.350000,0.000000
-0.050000,0.360000,0.000000
-0.050000,0.370000,0.000000
-0.050000,0.380000,0.000000
-0.050000,0.390000,0.000000
-0.050000,0.400000,0.000000
-0.050000,0.410000,0.000000
-0.050000,0.420000,0.000000
-0.050000,0.430000,0.000000
-0.050000,0.440000,0.000000
-0.050000,0.450000,0.000000
-0.050000,0.460000,0.000000
-0.040000,-1.030000,0.000000
-0.040000,-1.020000,0.000000
-0.040000,-1.010000,0.000000
-0.040000,-1.000000,0.000000
-0.040000,-0.990000,0.000000
-0.040000,-0.980000,0.000000
-0.040000,-0.970000,0.000000
-0.040000,-0.960000,0.000000
-0.040000,-0.950000,0.000000
-0.040000,-0.940000,0.000000
-0.040000,-0.930000,0.000000
-0.040000,-0.920000,0.000000
-0.040000,-0.910000,0.000000
-0.040000,-0.900000,0.000000
-0.040000,-0.890000,0.000000
-0.040000,-0.880000,0.000000
-0.040000,-0.870000,0.000000
-0.040000,-0.860000,0.000000
-0.040000,-0.850000,0.000000
-0.040000,-0.840000,0.000000
-0.040000,-0.830000,0.000000
-0.040000,-0.820000,0.000000
-0.040000,-0.810000,0.000000
-0.040000,-0.800000,0.000000
-0.040000,-0.790000,0.000000
-0.040000,-0.780000,0.000000
-0.040000,-0.770000,0.000000
-0.040000,-0.760000,0.019077
-0.040000,-0.750000,0.025446
-0.040000,-0.740000,0.029307
-0.040000,-0.730000,0.000000
-0.040000,-0.720000,0.000000
-0.040000,-0.710000,0.000000
-0.040000,-0.700000,0.025718
-0.040000,-0.690000,0.026333
-0.040000,-0.680000,0.026987
-0.040000,-0.670000,0.026858
-0.040000,-0.660000,0.027162
-0.040000,-0.650000,0.027338
-0.040000,-0.640000,0.027328
-0.040000,-0.630000,0.027118
-0.040000,-0.620000,0.026835
-0.040000,-0.610000,0.026526
-0.040000,-0.600000,0.026210
-0.040000,-0.590000,0.026021
-0.040000,-0.580000,0.026081
-0.040000,-0.570000,0.026565
-0.040000,-0.560000,0.027585
-0.040000,-0.550000,0.028887
-0.040000,-0.540000,0.030279
-0.040000,-0.530000,0.031592
-0.040000,-0.520000,0.032727
-0.040000,-0.510000,0.033655
-0.040000,-0.500000,0.034369
-0.040000,-0.490000,0.034869
-0.040000,-0.480000,0.035159
-0.040000,-0.470000,0.035245
-0.040000,-0.460000,0.035107
-0.040000,-0.450000,0.034746
-0.040000,-0.440000,0.034189
-0.040000,-0.430000,0.033539
-0.040000,-0.420000,0.032873
-0.040000,-0.410000,0.032114
-0.040000,-0.400000,0.031273
-0.040000,-0.390000,0.030167
-0.040000,-0.380000,0.027517
-0.040000,-0.370000,0.020505
-0.040000,-0.360000,0.020178
-0.040000,-0.350000,0.020919
-0.040000,-0.340000,0.021754
-0.040000,-0.330000,0.022517
-0.040000,-0.320000,0.023226
-0.040000,-0.310000,0.023890
-0.040000,-0.300000,0.024545
-0.040000,-0.290000,0.025112
-0.040000,-0.280000,0.025661
-0.040000,-0.270000,0.026172
-0.040000,-0.260000,0.026650
-0.040000,-0.250000,0.027115
-0.040000,-0.240000,0.027573
-0.040000,-0.230000,0.028030
-0.040000,-0.220000,0.028506
-0.040000,-0.210000,0.029004
-0.040000,-0.200000,0.029533
-0.040000,-0.190000,0.030094
-0.040000,-0.180000,0.030698
-0.040000,-0.170000,0.031343
-0.040000,-0.160000,0.032005
-0.040000,-0.150000,0.032703
-0.040000,-0.140000,0.033418
-0.040000,-0.130000,0.034138
-0.040000,-0.120000,0.034870
-0.040000,-0.110000,0.000000
-0.040000,-0.100000,0.000000
-0.040000,-0.090000,0.000000
-0.040000,-0.080000,0.000000
-0.040000,-0.070000,0.000000
-0.040000,-0.060000,0.000000
-0.040000,-0.050000,0.000000
-0.040000,-0.040000,0.000000
-0.040000,-0.030000,0.000000
-0.040000,-0.020000,0.000000
-0.040000,-0.010000,0.000000
-0.040000,0.000000,0.000000
-0.040000,0.010000,0.000000
-0.040000,0.020000,0.000000
-0.040000,0.030000,0.000000
-0.040000,0.040000,0.000000
-0.040000,0.050000,0.000000
-0.040000,0.060000,0.000000
-0.040000,0.070000,0.000000
-0.040000,0.080000,0.000000
-0.040000,0.090000,0.000000
-0.040000,0.100000,0.000000
-0.040000,0.110000,0.000000
-0.040000,0.120000,0.040433
-0.040000,0.130000,0.039186
-0.040000,0.140000,0.037730
-0.040000,0.150000,0.000000
-0.040000,0.160000,0.000000
-0.040000,0.170000,0.000000
-0.040000,0.180000,0.000000
-0.040000,0.190000,0.000000
-0.040000,0.200000,0.000000
-0.040000,0.210000,0.000000
-0.040000,0.220000,0.000000
-0.040000,0.230000,0.000000
-0.040000,0.240000,0.000000
-0.040000,0.250000,0.000000
-0.040000,0.260000,0.000000
-0.040000,0.270000,0.000000
-0.040000,0.280000,0.000000
-0.040000,0.290000,0.000000
-0.040000,0.300000,0.000000
-0.040000,0.310000,0.000000
-0.040000,0.320000,0.000000
-0.040000,0.330000,0.000000
-0.040000,0.340000,0.000000
-0.040000,0.350000,0.000000
-0.040000,0.360000,0.000000
-0.040000,0.370000,0.000000
-0.040000,0.380000,0.000000
-0.040000,0.390000,0.000000
-0.040000,0.400000,0.000000
-0.040000,0.410000,0.000000
-0.040000,0.420000,0.000000
-0.040000,0.430000,0.000000
-0.040000,0.440000,0.000000
-0.040000,0.450000,0.000000
-0.040000,0.460000,0.000000
-0.030000,-1.030000,0.000000
-0.030000,-1.020000,0.000000
-0.030000,-1.010000,0.000000
-0.030000,-1.000000,0.000000
-0.030000,-0.990000,0.000000
-0.030000,-0.980000,0.000000
-0.030000,-0.970000,0.000000
-0.030000,-0.960000,0.000000
-0.030000,-0.950000,0.000000
-0.030000,-0.940000,0.000000
-0.030000,-0.930000,0.000000
-0.030000,-0.920000,0.000000
-0.030000,-0.910000,0.000000
-0.030000,-0.900000,0.000000
-0.030000,-0.890000,0.000000
-0.030000,-0.880000,0.000000
-0.030000,-0.870000,0.000000
-0.030000,-0.860000,0.000000
-0.030000,-0.850000,0.000000
-0.030000,-0.840000,0.000000
-0.030000,-0.830000,0.000000
-0.030000,-0.820000,0.000000
-0.030000,-0.810000,0.000000
-0.030000,-0.800000,0.000000
-0.030000,-0.790000,0.000000
-0.030000,-0.780000,0.000000
-0.030000,-0.770000,0.000000
-0.030000,-0.760000,0.015544
-0.030000,-0.750000,0.023292
-0.030000,-0.740000,0.027612
-0.030000,-0.730000,0.030112
-0.030000,-0.720000,0.000000
-0.030000,-0.710000,0.000000
-0.030000,-0.700000,0.025540
-0.030000,-0.690000,0.026040
-0.030000,-0.680000,0.026554
-0.030000,-0.670000,0.026342
-0.030000,-0.660000,0.026540
-0.030000,-0.650000,0.026604
-0.030000,-0.640000,0.026476
-0.030000,-0.630000,0.026102
-0.030000,-0.620000,0.025670
-0.030000,-0.610000,0.025196
-0.030000,-0.600000,0.024687
-0.030000,-0.590000,0.024295
-0.030000,-0.580000,0.024232
-0.030000,-0.570000,0.024798
-0.030000,-0.560000,0.026087
-0.030000,-0.550000,0.027716
-0.030000,-0.540000,0.029332
-0.030000,-0.530000,0.030736
-0.030000,-0.520000,0.031914
-0.030000,-0.510000,0.032851
-0.030000,-0.500000,0.033559
-0.030000,-0.490000,0.034047
-0.030000,-0.480000,0.034304
-0.030000,-0.470000,0.034374
-0.030000,-0.460000,0.034201
-0.030000,-0.450000,0.033873
-0.030000,-0.440000,0.033354
-0.030000,-0.430000,0.032781
-0.030000,-0.420000,0.032133
-0.030000,-0.410000,0.031428
-0.030000,-0.400000,0.030544
-0.030000,-0.390000,0.029445
-0.030000,-0.380000,0.026948
-0.030000,-0.370000,0.022864
-0.030000,-0.360000,0.020691
-0.030000,-0.350000,0.021010
-0.030000,-0.340000,0.021630
-0.030000,-0.330000,0.022270
-0.030000,-0.320000,0.022908
-0.030000,-0.310000,0.023537
-0.030000,-0.300000,0.024102
-0.030000,-0.290000,0.024646
-0.030000,-0.280000,0.025150
-0.030000,-0.270000,0.025636
-0.030000,-0.260000,0.026096
-0.030000,-0.250000,0.026550
-0.030000,-0.240000,0.027012
-0.030000,-0.230000,0.027475
-0.030000,-0.220000,0.027942
-0.030000,-0.210000,0.028447
-0.030000,-0.200000,0.028993
-0.030000,-0.190000,0.029549
-0.030000,-0.180000,0.030156
-0.030000,-0.170000,0.030787
-0.030000,-0.160000,0.031454
-0.030000,-0.150000,0.032140
-0.030000,-0.140000,0.032850
-0.030000,-0.130000,0.033563
-0.030000,-0.120000,0.034300
-0.030000,-0.110000,0.000000
-0.030000,-0.100000,0.000000
-0.030000,-0.090000,0.000000
-0.030000,-0.080000,0.000000
-0.030000,-0.070000,0.000000
-0.030000,-0.060000,0.000000
-0.030000,-0.050000,0.000000
-0.030000,-0.040000,0.000000
-0.030000,-0.030000,0.000000
-0.030000,-0.020000,0.000000
-0.030000,-0.010000,0.000000
-0.030000,0.000000,0.000000
-0.030000,0.010000,0.000000
-0.030000,0.020000,0.000000
-0.030000,0.030000,0.000000
-0.030000,0.040000,0.000000
-0.030000,0.050000,0.000000
-0.030000,0.060000,0.000000
-0.030000,0.070000,0.000000
-0.030000,0.080000,0.000000
-0.030000,0.090000,0.000000
-0.030000,0.100000,0.000000
-0.030000,0.110000,0.000000
-0.030000,0.120000,0.000000
-0.030000,0.130000,0.038822
-0.030000,0.140000,0.000000
-0.030000,0.150000,0.000000
-0.030000,0.160000,0.000000
-0.030000,0.170000,0.000000
-0.030000,0.180000,0.000000
-0.030000,0.190000,0.000000
-0.030000,0.200000,0.000000
-0.030000,0.210000,0.000000
-0.030000,0.220000,0.000000
-0.030000,0.230000,0.000000
-0.030000,0.240000,0.000000
-0.030000,0.250000,0.000000
-0.030000,0.260000,0.000000
-0.030000,0.270000,0.000000
-0.030000,0.280000,0.000000
-0.030000,0.290000,0.000000
-0.030000,0.300000,0.000000
-0.030000,0.310000,0.000000
-0.030000,0.320000,0.000000
-0.030000,0.330000,0.000000
-0.030000,0.340000,0.000000
-0.030000,0.350000,0.000000
-0.030000,0.360000,0.000000
-0.030000,0.370000,0.000000
-0.030000,0.380000,0.000000
-0.030000,0.390000,0.000000
-0.030000,0.400000,0.000000
-0.030000,0.410000,0.000000
-0.030000,0.420000,0.000000
-0.030000,0.430000,0.000000
-0.030000,0.440000,0.000000
-0.030000,0.450000,0.000000
-0.030000,0.460000,0.000000
-0.020000,-1.030000,0.000000
-0.020000,-1.020000,0.000000
-0.020000,-1.010000,0.000000
-0.020000,-1.000000,0.000000
-0.020000,-0.990000,0.000000
-0.020000,-0.980000,0.000000
-0.020000,-0.970000,0.000000
-0.020000,-0.960000,0.000000
-0.020000,-0.950000,0.000000
-0.020000,-0.940000,0.000000
-0.020000,-0.930000,0.000000
-0.020000,-0.920000,0.000000
-0.020000,-0.910000,0.000000
-0.020000,-0.900000,0.000000
-0.020000,-0.890000,0.000000
-0.020000,-0.880000,0.000000
-0.020000,-0.870000,0.000000
-0.020000,-0.860000,0.000000
-0.020000,-0.850000,0.000000
-0.020000,-0.840000,0.000000
-0.020000,-0.830000,0.000000
-0.020000,-0.820000,0.000000
-0.020000,-0.810000,0.000000
-0.020000,-0.800000,0.000000
-0.020000,-0.790000,0.000000
-0.020000,-0.780000,0.000000
-0.020000,-0.770000,0.000000
-0.020000,-0.760000,0.011004
-0.020000,-0.750000,0.020672
-0.020000,-0.740000,0.025657
-0.020000,-0.730000,0.028354
-0.020000,-0.720000,0.029267
-0.020000,-0.710000,0.026013
-0.020000,-0.700000,0.025405
-0.020000,-0.690000,0.025795
-0.020000,-0.680000,0.026156
-0.020000,-0.670000,0.025905
-0.020000,-0.660000,0.026007
-0.020000,-0.650000,0.025965
-0.020000,-0.640000,0.025696
-0.020000,-0.630000,0.025202
-0.020000,-0.620000,0.024591
-0.020000,-0.610000,0.023939
-0.020000,-0.600000,0.023193
-0.020000,-0.590000,0.022543
-0.020000,-0.580000,0.022233
-0.020000,-0.570000,0.022909
-0.020000,-0.560000,0.024845
-0.020000,-0.550000,0.026872
-0.020000,-0.540000,0.028621
-0.020000,-0.530000,0.030074
-0.020000,-0.520000,0.031248
-0.020000,-0.510000,0.032173
-0.020000,-0.500000,0.032845
-0.020000,-0.490000,0.033306
-0.020000,-0.480000,0.033536
-0.020000,-0.470000,0.033588
-0.020000,-0.460000,0.033407
-0.020000,-0.450000,0.033087
-0.020000,-0.440000,0.032622
-0.020000,-0.430000,0.032093
-0.020000,-0.420000,0.031465
-0.020000,-0.410000,0.030738
-0.020000,-0.400000,0.029935
-0.020000,-0.390000,0.028768
-0.020000,-0.380000,0.026526
-0.020000,-0.370000,0.023536
-0.020000,-0.360000,0.021386
-0.020000,-0.350000,0.021211
-0.020000,-0.340000,0.021592
-0.020000,-0.330000,0.022093
-0.020000,-0.320000,0.022624
-0.020000,-0.310000,0.023196
-0.020000,-0.300000,0.023713
-0.020000,-0.290000,0.024196
-0.020000,-0.280000,0.024671
-0.020000,-0.270000,0.025146
-0.020000,-0.260000,0.025590
-0.020000,-0.250000,0.026034
-0.020000,-0.240000,0.026482
-0.020000,-0.230000,0.026945
-0.020000,-0.220000,0.027429
-0.020000,-0.210000,0.027928
-0.020000,-0.200000,0.028470
-0.020000,-0.190000,0.029042
-0.020000,-0.180000,0.029648
-0.020000,-0.170000,0.030280
-0.020000,-0.160000,0.030939
-0.020000,-0.150000,0.031622
-0.020000,-0.140000,0.032325
-0.020000,-0.130000,0.033037
-0.020000,-0.120000,0.000000
-0.020000,-0.110000,0.000000
-0.020000,-0.100000,0.000000
-0.020000,-0.090000,0.000000
-0.020000,-0.080000,0.000000
-0.020000,-0.070000,0.000000
-0.020000,-0.060000,0.000000
-0.020000,-0.050000,0.000000
-0.020000,-0.040000,0.000000
-0.020000,-0.030000,0.000000
-0.020000,-0.020000,0.000000
-0.020000,-0.010000,0.000000
-0.020000,0.000000,0.000000
-0.020000,0.010000,0.000000
-0.020000,0.020000,0.000000
-0.020000,0.030000,0.000000
-0.020000,0.040000,0.000000
-0.020000,0.050000,0.000000
-0.020000,0.060000,0.000000
-0.020000,0.070000,0.000000
-0.020000,0.080000,0.000000
-0.020000,0.090000,0.000000
-0.020000,0.100000,0.000000
-0.020000,0.110000,0.000000
-0.020000,0.120000,0.000000
-0.020000,0.130000,0.000000
-0.020000,0.140000,0.000000
-0.020000,0.150000,0.000000
-0.020000,0.160000,0.000000
-0.020000,0.170000,0.000000
-0.020000,0.180000,0.000000
-0.020000,0.190000,0.000000
-0.020000,0.200000,0.000000
-0.020000,0.210000,0.000000
-0.020000,0.220000,0.000000
-0.020000,0.230000,0.000000
-0.020000,0.240000,0.000000
-0.020000,0.250000,0.000000
-0.020000,0.260000,0.000000
-0.020000,0.270000,0.000000
-0.020000,0.280000,0.000000
-0.020000,0.290000,0.000000
-0.020000,0.300000,0.000000
-0.020000,0.310000,0.000000
-0.020000,0.320000,0.000000
-0.020000,0.330000,0.000000
-0.020000,0.340000,0.000000
-0.020000,0.350000,0.000000
-0.020000,0.360000,0.000000
-0.020000,0.370000,0.000000
-0.020000,0.380000,0.000000
-0.020000,0.390000,0.000000
-0.020000,0.400000,0.000000
-0.020000,0.410000,0.000000
-0.020000,0.420000,0.000000
-0.020000,0.430000,0.000000
-0.020000,0.440000,0.000000
-0.020000,0.450000,0.000000
-0.020000,0.460000,0.000000
-0.010000,-1.030000,0.000000
-0.010000,-1.020000,0.000000
-0.010000,-1.010000,0.000000
-0.010000,-1.000000,0.000000
-0.010000,-0.990000,0.000000
-0.010000,-0.980000,0.000000
-0.010000,-0.970000,0.000000
-0.010000,-0.960000,0.000000
-0.010000,-0.950000,0.000000
-0.010000,-0.940000,0.000000
-0.010000,-0.930000,0.000000
-0.010000,-0.920000,0.000000
-0.010000,-0.910000,0.000000
-0.010000,-0.900000,0.000000
-0.010000,-0.890000,0.000000
-0.010000,-0.880000,0.000000
-0.010000,-0.870000,0.000000
-0.010000,-0.860000,0.000000
-0.010000,-0.850000,0.000000
-0.010000,-0.840000,0.000000
-0.010000,-0.830000,0.000000
-0.010000,-0.820000,0.000000
-0.010000,-0.810000,0.000000
-0.010000,-0.800000,0.000000
-0.010000,-0.790000,0.000000
-0.010000,-0.780000,0.000000
-0.010000,-0.770000,0.000000
-0.010000,-0.760000,0.000000
-0.010000,-0.750000,0.017402
-0.010000,-0.740000,0.023435
-0.010000,-0.730000,0.026513
-0.010000,-0.720000,0.027374
-0.010000,-0.710000,0.025672
-0.010000,-0.700000,0.025274
-0.010000,-0.690000,0.025635
-0.010000,-0.680000,0.025803
-0.010000,-0.670000,0.025544
-0.010000,-0.660000,0.025568
-0.010000,-0.650000,0.025439
-0.010000,-0.640000,0.025065
-0.010000,-0.630000,0.024430
-0.010000,-0.620000,0.023607
-0.010000,-0.610000,0.022757
-0.010000,-0.600000,0.021738
-0.010000,-0.590000,0.020680
-0.010000,-0.580000,0.000000
-0.010000,-0.570000,0.022544
-0.010000,-0.560000,0.024449
-0.010000,-0.550000,0.026497
-0.010000,-0.540000,0.028208
-0.010000,-0.530000,0.029618
-0.010000,-0.520000,0.030752
-0.010000,-0.510000,0.031623
-0.010000,-0.500000,0.032253
-0.010000,-0.490000,0.032659
-0.010000,-0.480000,0.032881
-0.010000,-0.470000,0.032889
-0.010000,-0.460000,0.032724
-0.010000,-0.450000,0.032392
-0.010000,-0.440000,0.031972
-0.010000,-0.430000,0.031469
-0.010000,-0.420000,0.030858
-0.010000,-0.410000,0.030154
-0.010000,-0.400000,0.029297
-0.010000,-0.390000,0.028144
-0.010000,-0.380000,0.026075
-0.010000,-0.370000,0.023712
-0.010000,-0.360000,0.021911
-0.010000,-0.350000,0.021457
-0.010000,-0.340000,0.021589
-0.010000,-0.330000,0.021992
-0.010000,-0.320000,0.022430
-0.010000,-0.310000,0.022914
-0.010000,-0.300000,0.023357
-0.010000,-0.290000,0.023801
-0.010000,-0.280000,0.024256
-0.010000,-0.270000,0.024684
-0.010000,-0.260000,0.025121
-0.010000,-0.250000,0.025546
-0.010000,-0.240000,0.025991
-0.010000,-0.230000,0.026452
-0.010000,-0.220000,0.026933
-0.010000,-0.210000,0.027447
-0.010000,-0.200000,0.027991
-0.010000,-0.190000,0.028566
-0.010000,-0.180000,0.029170
-0.010000,-0.170000,0.029804
-0.010000,-0.160000,0.030462
-0.010000,-0.150000,0.031143
-0.010000,-0.140000,0.031846
-0.010000,-0.130000,0.032555
-0.010000,-0.120000,0.000000
-0.010000,-0.110000,0.000000
-0.010000,-0.100000,0.000000
-0.010000,-0.090000,0.000000
-0.010000,-0.080000,0.000000
-0.010000,-0.070000,0.000000
-0.010000,-0.060000,0.000000
-0.010000,-0.050000,0.000000
-0.010000,-0.040000,0.000000
-0.010000,-0.030000,0.000000
-0.010000,-0.020000,0.000000
-0.010000,-0.010000,0.000000
-0.010000,0.000000,0.000000
-0.010000,0.010000,0.000000
-0.010000,0.020000,0.000000
-0.010000,0.030000,0.000000
-0.010000,0.040000,0.000000
-0.010000,0.050000,0.000000
-0.010000,0.060000,0.000000
-0.010000,0.070000,0.000000
-0.010000,0.080000,0.000000
-0.010000,0.090000,0.000000
-0.010000,0.100000,0.000000
-0.010000,0.110000,0.000000
-0.010000,0.120000,0.000000
-0.010000,0.130000,0.000000
-0.010000,0.140000,0.000000
-0.010000,0.150000,0.000000
-0.010000,0.160000,0.000000
-0.010000,0.170000,0.000000
-0.010000,0.180000,0.000000
-0.010000,0.190000,0.000000
-0.010000,0.200000,0.000000
-0.010000,0.210000,0.000000
-0.010000,0.220000,0.000000
-0.010000,0.230000,0.000000
-0.010000,0.240000,0.000000
-0.010000,0.250000,0.000000
-0.010000,0.260000,0.000000
-0.010000,0.270000,0.000000
-0.010000,0.280000,0.000000
-0.010000,0.290000,0.000000
-0.010000,0.300000,0.000000
-0.010000,0.310000,0.000000
-0.010000,0.320000,0.000000
-0.010000,0.330000,0.000000
-0.010000,0.340000,0.000000
-0.010000,0.350000,0.000000
-0.010000,0.360000,0.000000
-0.010000,0.370000,0.000000
-0.010000,0.380000,0.000000
-0.010000,0.390000,0.000000
-0.010000,0.400000,0.000000
-0.010000,0.410000,0.000000
-0.010000,0.420000,0.000000
-0.010000,0.430000,0.000000
-0.010000,0.440000,0.000000
-0.010000,0.450000,0.000000
-0.010000,0.460000,0.000000
0.000000,-1.030000,0.000000
0.000000,-1.020000,0.000000
0.000000,-1.010000,0.000000
0.000000,-1.000000,0.000000
0.000000,-0.990000,0.000000
0.000000,-0.980000,0.000000
0.000000,-0.970000,0.000000
0.000000,-0.960000,0.000000
0.000000,-0.950000,0.000000
0.000000,-0.940000,0.000000
0.000000,-0.930000,0.000000
0.000000,-0.920000,0.000000
0.000000,-0.910000,0.000000
0.000000,-0.900000,0.000000
0.000000,-0.890000,0.000000
0.000000,-0.880000,0.000000
0.000000,-0.870000,0.000000
0.000000,-0.860000,0.000000
0.000000,-0.850000,0.000000
0.000000,-0.840000,0.000000
0.000000,-0.830000,0.000000
0.000000,-0.820000,0.000000
0.000000,-0.810000,0.000000
0.000000,-0.800000,0.000000
0.000000,-0.790000,0.000000
0.000000,-0.780000,0.000000
0.000000,-0.770000,0.000000
0.000000,-0.760000,0.000000
0.000000,-0.750000,0.013583
0.000000,-0.740000,0.020890
0.000000,-0.730000,0.024547
0.000000,-0.720000,0.025793
0.000000,-0.710000,0.025264
0.000000,-0.700000,0.025101
0.000000,-0.690000,0.025486
0.000000,-0.680000,0.025381
0.000000,-0.670000,0.025249
0.000000,-0.660000,0.025213
0.000000,-0.650000,0.025013
0.000000,-0.640000,0.024548
0.000000,-0.630000,0.023783
0.000000,-0.620000,0.022744
0.000000,-0.610000,0.021683
0.000000,-0.600000,0.020332
0.000000,-0.590000,0.018415
0.000000,-0.580000,0.000000
0.000000,-0.570000,0.024807
0.000000,-0.560000,0.025191
0.000000,-0.550000,0.026644
0.000000,-0.540000,0.028121
0.000000,-0.530000,0.029382
0.000000,-0.520000,0.030404
0.000000,-0.510000,0.031203
0.000000,-0.500000,0.031774
0.000000,-0.490000,0.032133
0.000000,-0.480000,0.032295
0.000000,-0.470000,0.032280
0.000000,-0.460000,0.032107
0.000000,-0.450000,0.031804
0.000000,-0.440000,0.031405
0.000000,-0.430000,0.030913
0.000000,-0.420000,0.030315
0.000000,-0.410000,0.029631
0.000000,-0.400000,0.028795
0.000000,-0.390000,0.027580
0.000000,-0.380000,0.025766
0.000000,-0.370000,0.023821
0.000000,-0.360000,0.022319
0.000000,-0.350000,0.021683
0.000000,-0.340000,0.021662
0.000000,-0.330000,0.021907
0.000000,-0.320000,0.022248
0.000000,-0.310000,0.022646
0.000000,-0.300000,0.023057
0.000000,-0.290000,0.023461
0.000000,-0.280000,0.023875
0.000000,-0.270000,0.024271
0.000000,-0.260000,0.024681
0.000000,-0.250000,0.025107
0.000000,-0.240000,0.025550
0.000000,-0.230000,0.026013
0.000000,-0.220000,0.026501
0.000000,-0.210000,0.027016
0.000000,-0.200000,0.027562
0.000000,-0.190000,0.028138
0.000000,-0.180000,0.028745
0.000000,-0.170000,0.029379
0.000000,-0.160000,0.030036
0.000000,-0.150000,0.030711
0.000000,-0.140000,0.031411
0.000000,-0.130000,0.032128
0.000000,-0.120000,0.000000
0.000000,-0.110000,0.000000
0.000000,-0.100000,0.000000
0.000000,-0.090000,0.000000
0.000000,-0.080000,0.000000
0.000000,-0.070000,0.000000
0.000000,-0.060000,0.000000
0.000000,-0.050000,0.000000
0.000000,-0.040000,0.000000
0.000000,-0.030000,0.000000
0.000000,-0.020000,0.000000
0.000000,-0.010000,0.000000
0.000000,0.000000,0.000000
0.000000,0.010000,0.000000
0.000000,0.020000,0.000000
0.000000,0.030000,0.000000
0.000000,0.040000,0.000000
0.000000,0.050000,0.000000
0.000000,0.060000,0.000000
0.000000,0.070000,0.000000
0.000000,0.080000,0.000000
0.000000,0.090000,0.000000
0.000000,0.100000,0.000000
0.000000,0.110000,0.000000
0.000000,0.120000,0.000000
0.000000,0.130000,0.000000
0.000000,0.140000,0.000000
0.000000,0.150000,0.000000
0.000000,0.160000,0.000000
0.000000,0.170000,0.000000
0.000000,0.180000,0.000000
0.000000,0.190000,0.000000
0.000000,0.200000,0.000000
0.000000,0.210000,0.000000
0.000000,0.220000,0.000000
0.000000,0.230000,0.000000
0.000000,0.240000,0.000000
0.000000,0.250000,0.000000
0.000000,0.260000,0.000000
0.000000,0.270000,0.000000
0.000000,0.280000,0.000000
0.000000,0.290000,0.000000
0.000000,0.300000,0.000000
0.000000,0.310000,0.000000
0.000000,0.320000,0.000000
0.000000,0.330000,0.000000
0.000000,0.340000,0.000000
0.000000,0.350000,0.000000
0.000000,0.360000,0.000000
0.000000,0.370000,0.000000
0.000000,0.380000,0.000000
0.000000,0.390000,0.000000
0.000000,0.400000,0.000000
0.000000,0.410000,0.000000
0.000000,0.420000,0.000000
0.000000,0.430000,0.000000
0.000000,0.440000,0.000000
0.000000,0.450000,0.000000
0.000000,0.460000,0.000000
0.010000,-1.030000,0.000000
0.010000,-1.020000,0.000000
0.010000,-1.010000,0.000000
0.010000,-1.000000,0.000000
0.010000,-0.990000,0.000000
0.010000,-0.980000,0.000000
0.010000,-0.970000,0.000000
0.010000,-0.960000,0.000000
0.010000,-0.950000,0.000000
0.010000,-0.940000,0.000000
0.010000,-0.930000,0.000000
0.010000,-0.920000,0.000000
0.010000,-0.910000,0.000000
0.010000,-0.900000,0.000000
0.010000,-0.890000,0.000000
0.010000,-0.880000,0.000000
0.010000,-0.870000,0.000000
0.010000,-0.860000,0.000000
0.010000,-0.850000,0.000000
0.010000,-0.840000,0.000000
0.010000,-0.830000,0.000000
0.010000,-0.820000,0.000000
0.010000,-0.810000,0.000000
0.010000,-0.800000,0.000000
0.010000,-0.790000,0.000000
0.010000,-0.780000,0.000000
0.010000,-0.770000,0.000000
0.010000,-0.760000,0.000000
0.010000,-0.750000,0.007911
0.010000,-0.740000,0.018009
0.010000,-0.730000,0.022532
0.010000,-0.720000,0.024434
0.010000,-0.710000,0.024756
0.010000,-0.700000,0.024861
0.010000,-0.690000,0.025305
0.010000,-0.680000,0.025114
0.010000,-0.670000,0.025018
0.010000,-0.660000,0.024939
0.010000,-0.650000,0.024686
0.010000,-0.640000,0.024148
0.010000,-0.630000,0.023273
0.010000,-0.620000,0.022034
0.010000,-0.610000,0.020733
0.010000,-0.600000,0.018950
0.010000,-0.590000,0.000000
0.010000,-0.580000,0.027392
0.010000,-0.570000,0.026325
0.010000,-0.560000,0.026343
0.010000,-0.550000,0.027138
0.010000,-0.540000,0.028267
0.010000,-0.530000,0.029323
0.010000,-0.520000,0.030208
0.010000,-0.510000,0.030912
0.010000,-0.500000,0.031408
0.010000,-0.490000,0.031710
0.010000,-0.480000,0.031831
0.010000,-0.470000,0.031788
0.010000,-0.460000,0.031602
0.010000,-0.450000,0.031313
0.010000,-0.440000,0.030914
0.010000,-0.430000,0.030429
0.010000,-0.420000,0.029841
0.010000,-0.410000,0.029171
0.010000,-0.400000,0.028355
0.010000,-0.390000,0.027083
0.010000,-0.380000,0.025494
0.010000,-0.370000,0.023864
0.010000,-0.360000,0.022556
0.010000,-0.350000,0.021849
0.010000,-0.340000,0.021708
0.010000,-0.330000,0.021866
0.010000,-0.320000,0.022101
0.010000,-0.310000,0.022444
0.010000,-0.300000,0.022802
0.010000,-0.290000,0.023164
0.010000,-0.280000,0.023540
0.010000,-0.270000,0.023920
0.010000,-0.260000,0.024315
0.010000,-0.250000,0.024733
0.010000,-0.240000,0.025161
0.010000,-0.230000,0.025621
0.010000,-0.220000,0.026108
0.010000,-0.210000,0.026623
0.010000,-0.200000,0.027172
0.010000,-0.190000,0.027749
0.010000,-0.180000,0.028348
0.010000,-0.170000,0.028982
0.010000,-0.160000,0.029644
0.010000,-0.150000,0.030326
0.010000,-0.140000,0.031032
0.010000,-0.130000,0.031750
0.010000,-0.120000,0.000000
0.010000,-0.110000,0.000000
0.010000,-0.100000,0.000000
0.010000,-0.090000,0.000000
0.010000,-0.080000,0.000000
0.010000,-0.070000,0.000000
0.010000,-0.060000,0.000000
0.010000,-0.050000,0.000000
0.010000,-0.040000,0.000000
0.010000,-0.030000,0.000000
0.010000,-0.020000,0.000000
0.010000,-0.010000,0.000000
0.010000,0.000000,0.000000
0.010000,0.010000,0.000000
0.010000,0.020000,0.000000
0.010000,0.030000,0.000000
0.010000,0.040000,0.000000
0.010000,0.050000,0.000000
0.010000,0.060000,0.000000
0.010000,0.070000,0.000000
0.010000,0.080000,0.000000
0.010000,0.090000,0.000000
0.010000,0.100000,0.000000
0.010000,0.110000,0.000000
0.010000,0.120000,0.000000
0.010000,0.130000,0.000000
0.010000,0.140000,0.000000
0.010000,0.150000,0.000000
0.010000,0.160000,0.000000
0.010000,0.170000,0.000000
0.010000,0.180000,0.000000
0.010000,0.190000,0.000000
0.010000,0.200000,0.000000
0.010000,0.210000,0.000000
0.010000,0.220000,0.000000
0.010000,0.230000,0.000000
0.010000,0.240000,0.000000
0.010000,0.250000,0.000000
0.010000,0.260000,0.000000
0.010000,0.270000,0.000000
0.010000,0.280000,0.000000
0.010000,0.290000,0.000000
0.010000,0.300000,0.000000
0.010000,0.310000,0.000000
0.010000,0.320000,0.000000
0.010000,0.330000,0.000000
0.010000,0.340000,0.000000
0.010000,0.350000,0.000000
0.010000,0.360000,0.000000
0.010000,0.370000,0.000000
0.010000,0.380000,0.000000
0.010000,0.390000,0.000000
0.010000,0.400000,0.000000
0.010000,0.410000,0.000000
0.010000,0.420000,0.000000
0.010000,0.430000,0.000000
0.010000,0.440000,0.000000
0.010000,0.450000,0.000000
0.010000,0.460000,0.000000
0.020000,-1.030000,0.000000
0.020000,-1.020000,0.000000
0.020000,-1.010000,0.000000
0.020000,-1.000000,0.000000
0.020000,-0.990000,0.000000
0.020000,-0.980000,0.000000
0.020000,-0.970000,0.000000
0.020000,-0.960000,0.000000
0.020000,-0.950000,0.000000
0.020000,-0.940000,0.000000
0.020000,-0.930000,0.000000
0.020000,-0.920000,0.000000
0.020000,-0.910000,0.000000
0.020000,-0.900000,0.000000
0.020000,-0.890000,0.000000
0.020000,-0.880000,0.000000
0.020000,-0.870000,0.000000
0.020000,-0.860000,0.000000
0.020000,-0.850000,0.000000
0.020000,-0.840000,0.000000
0.020000,-0.830000,0.000000
0.020000,-0.820000,0.000000
0.020000,-0.810000,0.000000
0.020000,-0.800000,0.000000
0.020000,-0.790000,0.000000
0.020000,-0.780000,0.000000
0.020000,-0.770000,0.000000
0.020000,-0.760000,0.000000
0.020000,-0.750000,0.000000
0.020000,-0.740000,0.014431
0.020000,-0.730000,0.020322
0.020000,-0.720000,0.023030
0.020000,-0.710000,0.024081
0.020000,-0.700000,0.024516
0.020000,-0.690000,0.025050
0.020000,-0.680000,0.024906
0.020000,-0.670000,0.024832
0.020000,-0.660000,0.024735
0.020000,-0.650000,0.024452
0.020000,-0.640000,0.023866
0.020000,-0.630000,0.022936
0.020000,-0.620000,0.021557
0.020000,-0.610000,0.019885
0.020000,-0.600000,0.017781
0.020000,-0.590000,0.029930
0.020000,-0.580000,0.028653
0.020000,-0.570000,0.027679
0.020000,-0.560000,0.027387
0.020000,-0.550000,0.027878
0.020000,-0.540000,0.028622
0.020000,-0.530000,0.029434
0.020000,-0.520000,0.030155
0.020000,-0.510000,0.030744
0.020000,-0.500000,0.031154
0.020000,-0.490000,0.031390
0.020000,-0.480000,0.031463
0.020000,-0.470000,0.031389
0.020000,-0.460000,0.031188
0.020000,-0.450000,0.030897
0.020000,-0.440000,0.030509
0.020000,-0.430000,0.030019
0.020000,-0.420000,0.029436
0.020000,-0.410000,0.028779
0.020000,-0.400000,0.027895
0.020000,-0.390000,0.026735
0.020000,-0.380000,0.025292
0.020000,-0.370000,0.023851
0.020000,-0.360000,0.022705
0.020000,-0.350000,0.022015
0.020000,-0.340000,0.021785
0.020000,-0.330000,0.021815
0.020000,-0.320000,0.022041
0.020000,-0.310000,0.022293
0.020000,-0.300000,0.022588
0.020000,-0.290000,0.022911
0.020000,-0.280000,0.023264
0.020000,-0.270000,0.023615
0.020000,-0.260000,0.023992
0.020000,-0.250000,0.024391
0.020000,-0.240000,0.024829
0.020000,-0.230000,0.025273
0.020000,-0.220000,0.025761
0.020000,-0.210000,0.026278
0.020000,-0.200000,0.026826
0.020000,-0.190000,0.027410
0.020000,-0.180000,0.028014
0.020000,-0.170000,0.028647
0.020000,-0.160000,0.029312
0.020000,-0.150000,0.029988
0.020000,-0.140000,0.030692
0.020000,-0.130000,0.031415
0.020000,-0.120000,0.000000
0.020000,-0.110000,0.000000
0.020000,-0.100000,0.000000
0.020000,-0.090000,0.000000
0.020000,-0.080000,0.000000
0.020000,-0.070000,0.000000
0.020000,-0.060000,0.000000
0.020000,-0.050000,0.000000
0.020000,-0.040000,0.000000
0.020000,-0.030000,0.000000
0.020000,-0.020000,0.000000
0.020000,-0.010000,0.000000
0.020000,0.000000,0.000000
0.020000,0.010000,0.000000
0.020000,0.020000,0.000000
0.020000,0.030000,0.000000
0.020000,0.040000,0.000000
0.020000,0.050000,0.000000
0.020000,0.060000,0.000000
0.020000,0.070000,0.000000
0.020000,0.080000,0.000000
0.020000,0.090000,0.000000
0.020000,0.100000,0.000000
0.020000,0.110000,0.000000
0.020000,0.120000,0.000000
0.020000,0.130000,0.000000
0.020000,0.140000,0.000000
0.020000,0.150000,0.000000
0.020000,0.160000,0.000000
0.020000,0.170000,0.000000
0.020000,0.180000,0.000000
0.020000,0.190000,0.000000
0.020000,0.200000,0.000000
0.020000,0.210000,0.000000
0.020000,0.220000,0.000000
0.020000,0.230000,0.000000
0.020000,0.240000,0.000000
0.020000,0.250000,0.000000
0.020000,0.260000,0.000000
0.020000,0.270000,0.000000
0.020000,0.280000,0.000000
0.020000,0.290000,0.000000
0.020000,0.300000,0.000000
0.020000,0.310000,0.000000
0.020000,0.320000,0.000000
0.020000,0.330000,0.000000
0.020000,0.340000,0.000000
0.020000,0.350000,0.000000
0.020000,0.360000,0.000000
0.020000,0.370000,0.000000
0.020000,0.380000,0.000000
0.020000,0.390000,0.000000
0.020000,0.400000,0.000000
0.020000,0.410000,0.000000
0.020000,0.420000,0.000000
0.020000,0.430000,0.000000
0.020000,0.440000,0.000000
0.020000,0.450000,0.000000
0.020000,0.460000,0.000000
0.030000,-1.030000,0.000000
0.030000,-1.020000,0.000000
0.030000,-1.010000,0.000000
0.030000,-1.000000,0.000000
0.030000,-0.990000,0.000000
0.030000,-0.980000,0.000000
0.030000,-0.970000,0.000000
0.030000,-0.960000,0.000000
0.030000,-0.950000,0.000000
0.030000,-0.940000,0.000000
0.030000,-0.930000,0.000000
0.030000,-0.920000,0.000000
0.030000,-0.910000,0.000000
0.030000,-0.900000,0.000000
0.030000,-0.890000,0.000000
0.030000,-0.880000,0.000000
0.030000,-0.870000,0.000000
0.030000,-0.860000,0.000000
0.030000,-0.850000,0.000000
0.030000,-0.840000,0.000000
0.030000,-0.830000,0.000000
0.030000,-0.820000,0.000000
0.030000,-0.810000,0.000000
0.030000,-0.800000,0.000000
0.030000,-0.790000,0.000000
0.030000,-0.780000,0.000000
0.030000,-0.770000,0.000000
0.030000,-0.760000,0.000000
0.030000,-0.750000,0.000000
0.030000,-0.740000,0.009377
0.030000,-0.730000,0.017652
0.030000,-0.720000,0.021437
0.030000,-0.710000,0.023166
0.030000,-0.700000,0.024016
0.030000,-0.690000,0.024717
0.030000,-0.680000,0.024702
0.030000,-0.670000,0.024679
0.030000,-0.660000,0.024595
0.030000,-0.650000,0.024302
0.030000,-0.640000,0.023695
0.030000,-0.630000,0.022715
0.030000,-0.620000,0.021250
0.030000,-0.610000,0.019195
0.030000,-0.600000,0.016792
0.030000,-0.590000,0.030790
0.030000,-0.580000,0.029689
0.030000,-0.570000,0.028879
0.030000,-0.560000,0.028432
0.030000,-0.550000,0.028529
0.030000,-0.540000,0.029144
0.030000,-0.530000,0.029706
0.030000,-0.520000,0.030249
0.030000,-0.510000,0.030712
0.030000,-0.500000,0.031026
0.030000,-0.490000,0.031191
0.030000,-0.480000,0.031210
0.030000,-0.470000,0.031099
0.030000,-0.460000,0.030875
0.030000,-0.450000,0.030576
0.030000,-0.440000,0.030179
0.030000,-0.430000,0.029685
0.030000,-0.420000,0.029104
0.030000,-0.410000,0.028388
0.030000,-0.400000,0.027583
0.030000,-0.390000,0.026435
0.030000,-0.380000,0.025073
0.030000,-0.370000,0.023800
0.030000,-0.360000,0.022797
0.030000,-0.350000,0.022136
0.030000,-0.340000,0.021858
0.030000,-0.330000,0.021838
0.030000,-0.320000,0.021966
0.030000,-0.310000,0.022164
0.030000,-0.300000,0.022413
0.030000,-0.290000,0.022705
0.030000,-0.280000,0.023009
0.030000,-0.270000,0.023368
0.030000,-0.260000,0.023730
0.030000,-0.250000,0.024121
0.030000,-0.240000,0.024541
0.030000,-0.230000,0.024989
0.030000,-0.220000,0.025473
0.030000,-0.210000,0.025989
0.030000,-0.200000,0.026538
0.030000,-0.190000,0.027118
0.030000,-0.180000,0.027729
0.030000,-0.170000,0.028367
0.030000,-0.160000,0.029023
0.030000,-0.150000,0.029711
0.030000,-0.140000,0.030420
0.030000,-0.130000,0.031146
0.030000,-0.120000,0.000000
0.030000,-0.110000,0.000000
0.030000,-0.100000,0.000000
0.030000,-0.090000,0.000000
0.030000,-0.080000,0.000000
0.030000,-0.070000,0.000000
0.030000,-0.060000,0.000000
0.030000,-0.050000,0.000000
0.030000,-0.040000,0.000000
0.030000,-0.030000,0.000000
0.030000,-0.020000,0.000000
0.030000,-0.010000,0.000000
0.030000,0.000000,0.000000
0.030000,0.010000,0.000000
0.030000,0.020000,0.000000
0.030000,0.030000,0.000000
0.030000,0.040000,0.000000
0.030000,0.050000,0.000000
0.030000,0.060000,0.000000
0.030000,0.070000,0.000000
0.030000,0.080000,0.000000
0.030000,0.090000,0.000000
0.030000,0.100000,0.000000
0.030000,0.110000,0.000000
0.030000,0.120000,0.000000
0.030000,0.130000,0.000000
0.030000,0.140000,0.000000
0.030000,0.150000,0.000000
0.030000,0.160000,0.000000
0.030000,0.170000,0.000000
0.030000,0.180000,0.000000
0.030000,0.190000,0.000000
0.030000,0.200000,0.000000
0.030000,0.210000,0.000000
0.030000,0.220000,0.000000
0.030000,0.230000,0.000000
0.030000,0.240000,0.000000
0.030000,0.250000,0.000000
0.030000,0.260000,0.000000
0.030000,0.270000,0.000000
0.030000,0.280000,0.000000
0.030000,0.290000,0.000000
0.030000,0.300000,0.000000
0.030000,0.310000,0.000000
0.030000,0.320000,0.000000
0.030000,0.330000,0.000000
0.030000,0.340000,0.000000
0.030000,0.350000,0.000000
0.030000,0.360000,0.000000
0.030000,0.370000,0.000000
0.030000,0.380000,0.000000
0.030000,0.390000,0.000000
0.030000,0.400000,0.000000
0.030000,0.410000,0.000000
0.030000,0.420000,0.000000
0.030000,0.430000,0.000000
0.030000,0.440000,0.000000
0.030000,0.450000,0.000000
0.030000,0.460000,0.000000
0.040000,-1.030000,0.000000
0.040000,-1.020000,0.000000
0.040000,-1.010000,0.000000
0.040000,-1.000000,0.000000
0.040000,-0.990000,0.000000
0.040000,-0.980000,0.000000
0.040000,-0.970000,0.000000
0.040000,-0.960000,0.000000
0.040000,-0.950000,0.000000
0.040000,-0.940000,0.000000
0.040000,-0.930000,0.000000
0.040000,-0.920000,0.000000
0.040000,-0.910000,0.000000
0.040000,-0.900000,0.000000
0.040000,-0.890000,0.000000
0.040000,-0.880000,0.000000
0.040000,-0.870000,0.000000
0.040000,-0.860000,0.000000
0.040000,-0.850000,0.000000
0.040000,-0.840000,0.000000
0.040000,-0.830000,0.000000
0.040000,-0.820000,0.000000
0.040000,-0.810000,0.000000
0.040000,-0.800000,0.000000
0.040000,-0.790000,0.000000
0.040000,-0.780000,0.000000
0.040000,-0.770000,0.000000
0.040000,-0.760000,0.000000
0.040000,-0.750000,0.000000
0.040000,-0.740000,0.000000
0.040000,-0.730000,0.014162
0.040000,-0.720000,0.019404
0.040000,-0.710000,0.021953
0.040000,-0.700000,0.023303
0.040000,-0.690000,0.024279
0.040000,-0.680000,0.024469
0.040000,-0.670000,0.024530
0.040000,-0.660000,0.024490
0.040000,-0.650000,0.024223
0.040000,-0.640000,0.023651
0.040000,-0.630000,0.022668
0.040000,-0.620000,0.021148
0.040000,-0.610000,0.018898
0.040000,-0.600000,0.016123
0.040000,-0.590000,0.031667
0.040000,-0.580000,0.030750
0.040000,-0.570000,0.029950
0.040000,-0.560000,0.029494
0.040000,-0.550000,0.029446
0.040000,-0.540000,0.029695
0.040000,-0.530000,0.030084
0.040000,-0.520000,0.030444
0.040000,-0.510000,0.030774
0.040000,-0.500000,0.030985
0.040000,-0.490000,0.031072
0.040000,-0.480000,0.031036
0.040000,-0.470000,0.030917
0.040000,-0.460000,0.030663
0.040000,-0.450000,0.030337
0.040000,-0.440000,0.029930
0.040000,-0.430000,0.029428
0.040000,-0.420000,0.028846
0.040000,-0.410000,0.028133
0.040000,-0.400000,0.027249
0.040000,-0.390000,0.026215
0.040000,-0.380000,0.024986
0.040000,-0.370000,0.023841
0.040000,-0.360000,0.022911
0.040000,-0.350000,0.022317
0.040000,-0.340000,0.021959
0.040000,-0.330000,0.021901
0.040000,-0.320000,0.021927
0.040000,-0.310000,0.022085
0.040000,-0.300000,0.022285
0.040000,-0.290000,0.022546
0.040000,-0.280000,0.022837
0.040000,-0.270000,0.023153
0.040000,-0.260000,0.023506
0.040000,-0.250000,0.023885
0.040000,-0.240000,0.024303
0.040000,-0.230000,0.024740
0.040000,-0.220000,0.025222
0.040000,-0.210000,0.025738
0.040000,-0.200000,0.026288
0.040000,-0.190000,0.026871
0.040000,-0.180000,0.027486
0.040000,-0.170000,0.028129
0.040000,-0.160000,0.028800
0.040000,-0.150000,0.029494
0.040000,-0.140000,0.030210
0.040000,-0.130000,0.030943
0.040000,-0.120000,0.000000
0.040000,-0.110000,0.000000
0.040000,-0.100000,0.000000
0.040000,-0.090000,0.000000
0.040000,-0.080000,0.000000
0.040000,-0.070000,0.000000
0.040000,-0.060000,0.000000
0.040000,-0.050000,0.000000
0.040000,-0.040000,0.000000
0.040000,-0.030000,0.000000
0.040000,-0.020000,0.000000
0.040000,-0.010000,0.000000
0.040000,0.000000,0.000000
0.040000,0.010000,0.000000
0.040000,0.020000,0.000000
0.040000,0.030000,0.000000
0.040000,0.040000,0.000000
0.040000,0.050000,0.000000
0.040000,0.060000,0.000000
0.040000,0.070000,0.000000
0.040000,0.080000,0.000000
0.040000,0.090000,0.000000
0.040000,0.100000,0.000000
0.040000,0.110000,0.000000
0.040000,0.120000,0.000000
0.040000,0.130000,0.000000
0.040000,0.140000,0.000000
0.040000,0.150000,0.000000
0.040000,0.160000,0.000000
0.040000,0.170000,0.000000
0.040000,0.180000,0.000000
0.040000,0.190000,0.000000
0.040000,0.200000,0.000000
0.040000,0.210000,0.000000
0.040000,0.220000,0.000000
0.040000,0.230000,0.000000
0.040000,0.240000,0.000000
0.040000,0.250000,0.000000
0.040000,0.260000,0.000000
0.040000,0.270000,0.000000
0.040000,0.280000,0.000000
0.040000,0.290000,0.000000
0.040000,0.300000,0.000000
0.040000,0.310000,0.000000
0.040000,0.320000,0.000000
0.040000,0.330000,0.000000
0.040000,0.340000,0.000000
0.040000,0.350000,0.000000
0.040000,0.360000,0.000000
0.040000,0.370000,0.000000
0.040000,0.380000,0.000000
0.040000,0.390000,0.000000
0.040000,0.400000,0.000000
0.040000,0.410000,0.000000
0.040000,0.420000,0.000000
0.040000,0.430000,0.000000
0.040000,0.440000,0.000000
0.040000,0.450000,0.000000
0.040000,0.460000,0.000000
0.050000,-1.030000,0.000000
0.050000,-1.020000,0.000000
0.050000,-1.010000,0.000000
0.050000,-1.000000,0.000000
0.050000,-0.990000,0.000000
0.050000,-0.980000,0.000000
0.050000,-0.970000,0.000000
0.050000,-0.960000,0.000000
0.050000,-0.950000,0.000000
0.050000,-0.940000,0.000000
0.050000,-0.930000,0.000000
0.050000,-0.920000,0.000000
0.050000,-0.910000,0.000000
0.050000,-0.900000,0.000000
0.050000,-0.890000,0.000000
0.050000,-0.880000,0.000000
0.050000,-0.870000,0.000000
0.050000,-0.860000,0.000000
0.050000,-0.850000,0.000000
0.050000,-0.840000,0.000000
0.050000,-0.830000,0.000000
0.050000,-0.820000,0.000000
0.050000,-0.810000,0.000000
0.050000,-0.800000,0.000000
0.050000,-0.790000,0.000000
0.050000,-0.780000,0.000000
0.050000,-0.770000,0.000000
0.050000,-0.760000,0.000000
0.050000,-0.750000,0.000000
0.050000,-0.740000,0.000000
0.050000,-0.730000,0.009375
0.050000,-0.720000,0.016715
0.050000,-0.710000,0.020356
0.050000,-0.700000,0.022301
0.050000,-0.690000,0.023630
0.050000,-0.680000,0.024170
0.050000,-0.670000,0.024363
0.050000,-0.660000,0.024400
0.050000,-0.650000,0.024199
0.050000,-0.640000,0.023673
0.050000,-0.630000,0.022714
0.050000,-0.620000,0.021236
0.050000,-0.610000,0.018924
0.050000,-0.600000,0.015572
0.050000,-0.590000,0.032537
0.050000,-0.580000,0.031697
0.050000,-0.570000,0.030957
0.050000,-0.560000,0.030442
0.050000,-0.550000,0.030280
0.050000,-0.540000,0.030374
0.050000,-0.530000,0.030552
0.050000,-0.520000,0.030738
0.050000,-0.510000,0.030935
0.050000,-0.500000,0.031043
0.050000,-0.490000,0.031050
0.050000,-0.480000,0.030954
0.050000,-0.470000,0.030797
0.050000,-0.460000,0.030527
0.050000,-0.450000,0.030187
0.050000,-0.440000,0.029763
0.050000,-0.430000,0.029250
0.050000,-0.420000,0.028663
0.050000,-0.410000,0.027950
0.050000,-0.400000,0.027070
0.050000,-0.390000,0.026064
0.050000,-0.380000,0.024940
0.050000,-0.370000,0.023934
0.050000,-0.360000,0.023045
0.050000,-0.350000,0.022464
0.050000,-0.340000,0.022094
0.050000,-0.330000,0.021943
0.050000,-0.320000,0.021932
0.050000,-0.310000,0.022054
0.050000,-0.300000,0.022209
0.050000,-0.290000,0.022452
0.050000,-0.280000,0.022699
0.050000,-0.270000,0.023001
0.050000,-0.260000,0.023333
0.050000,-0.250000,0.023706
0.050000,-0.240000,0.024111
0.050000,-0.230000,0.024554
0.050000,-0.220000,0.025033
0.050000,-0.210000,0.025550
0.050000,-0.200000,0.026103
0.050000,-0.190000,0.026690
0.050000,-0.180000,0.027309
0.050000,-0.170000,0.027959
0.050000,-0.160000,0.028634
0.050000,-0.150000,0.029335
0.050000,-0.140000,0.030058
0.050000,-0.130000,0.030794
0.050000,-0.120000,0.031548
0.050000,-0.110000,0.000000
0.050000,-0.100000,0.000000
0.050000,-0.090000,0.000000
0.050000,-0.080000,0.000000
0.050000,-0.070000,0.000000
0.050000,-0.060000,0.000000
0.050000,-0.050000,0.000000
0.050000,-0.040000,0.000000
0.050000,-0.030000,0.000000
0.050000,-0.020000,0.000000
0.050000,-0.010000,0.000000
0.050000,0.000000,0.000000
0.050000,0.010000,0.000000
0.050000,0.020000,0.000000
0.050000,0.030000,0.000000
0.050000,0.040000,0.000000
0.050000,0.050000,0.000000
0.050000,0.060000,0.000000
0.050000,0.070000,0.000000
0.050000,0.080000,0.000000
0.050000,0.090000,0.000000
0.050000,0.100000,0.000000
0.050000,0.110000,0.000000
0.050000,0.120000,0.000000
0.050000,0.130000,0.000000
0.050000,0.140000,0.000000
0.050000,0.150000,0.000000
0.050000,0.160000,0.000000
0.050000,0.170000,0.000000
0.050000,0.180000,0.000000
0.050000,0.190000,0.000000
0.050000,0.200000,0.000000
0.050000,0.210000,0.000000
0.050000,0.220000,0.000000
0.050000,0.230000,0.000000
0.050000,0.240000,0.000000
0.050000,0.250000,0.000000
0.050000,0.260000,0.000000
0.050000,0.270000,0.000000
0.050000,0.280000,0.000000
0.050000,0.290000,0.000000
0.050000,0.300000,0.000000
0.050000,0.310000,0.000000
0.050000,0.320000,0.000000
0.050000,0.330000,0.000000
0.050000,0.340000,0.000000
0.050000,0.350000,0.000000
0.050000,0.360000,0.000000
0.050000,0.370000,0.000000
0.050000,0.380000,0.000000
0.050000,0.390000,0.000000
0.050000,0.400000,0.000000
0.050000,0.410000,0.000000
0.050000,0.420000,0.000000
0.050000,0.430000,0.000000
0.050000,0.440000,0.000000
0.050000,0.450000,0.000000
0.050000,0.460000,0.000000
0.060000,-1.030000,0.000000
0.060000,-1.020000,0.000000
0.060000,-1.010000,0.000000
0.060000,-1.000000,0.000000
0.060000,-0.990000,0.000000
0.060000,-0.980000,0.000000
0.060000,-0.970000,0.000000
0.060000,-0.960000,0.000000
0.060000,-0.950000,0.000000
0.060000,-0.940000,0.000000
0.060000,-0.930000,0.000000
0.060000,-0.920000,0.000000
0.060000,-0.910000,0.000000
0.060000,-0.900000,0.000000
0.060000,-0.890000,0.000000
0.060000,-0.880000,0.000000
0.060000,-0.870000,0.000000
0.060000,-0.860000,0.000000
0.060000,-0.850000,0.000000
0.060000,-0.840000,0.000000
0.060000,-0.830000,0.000000
0.060000,-0.820000,0.000000
0.060000,-0.810000,0.000000
0.060000,-0.800000,0.000000
0.060000,-0.790000,0.000000
0.060000,-0.780000,0.000000
0.060000,-0.770000,0.000000
0.060000,-0.760000,0.000000
0.060000,-0.750000,0.000000
0.060000,-0.740000,0.000000
0.060000,-0.730000,0.000000
0.060000,-0.720000,0.013117
0.060000,-0.710000,0.018214
0.060000,-0.700000,0.020948
0.060000,-0.690000,0.022650
0.060000,-0.680000,0.023735
0.060000,-0.670000,0.024136
0.060000,-0.660000,0.024303
0.060000,-0.650000,0.024203
0.060000,-0.640000,0.023755
0.060000,-0.630000,0.022901
0.060000,-0.620000,0.021494
0.060000,-0.610000,0.019264
0.060000,-0.600000,0.015457
0.060000,-0.590000,0.033308
0.060000,-0.580000,0.032609
0.060000,-0.570000,0.031945
0.060000,-0.560000,0.031428
0.060000,-0.550000,0.031114
0.060000,-0.540000,0.031017
0.060000,-0.530000,0.031021
0.060000,-0.520000,0.031120
0.060000,-0.510000,0.031187
0.060000,-0.500000,0.031192
0.060000,-0.490000,0.031120
0.060000,-0.480000,0.031005
0.060000,-0.470000,0.030754
0.060000,-0.460000,0.030475
0.060000,-0.450000,0.030122
0.060000,-0.440000,0.029676
0.060000,-0.430000,0.029149
0.060000,-0.420000,0.028555
0.060000,-0.410000,0.027819
0.060000,-0.400000,0.026962
0.060000,-0.390000,0.025979
0.060000,-0.380000,0.024961
0.060000,-0.370000,0.023995
0.060000,-0.360000,0.023208
0.060000,-0.350000,0.022584
0.060000,-0.340000,0.022247
0.060000,-0.330000,0.022067
0.060000,-0.320000,0.022014
0.060000,-0.310000,0.022059
0.060000,-0.300000,0.022188
0.060000,-0.290000,0.022394
0.060000,-0.280000,0.022624
0.060000,-0.270000,0.022893
0.060000,-0.260000,0.023210
0.060000,-0.250000,0.023578
0.060000,-0.240000,0.023972
0.060000,-0.230000,0.024410
0.060000,-0.220000,0.024890
0.060000,-0.210000,0.025408
0.060000,-0.200000,0.025965
0.060000,-0.190000,0.026558
0.060000,-0.180000,0.027185
0.060000,-0.170000,0.027842
0.060000,-0.160000,0.028527
0.060000,-0.150000,0.029241
0.060000,-0.140000,0.029973
0.060000,-0.130000,0.030723
0.060000,-0.120000,0.031487
0.060000,-0.110000,0.000000
0.060000,-0.100000,0.000000
0.060000,-0.090000,0.000000
0.060000,-0.080000,0.000000
0.060000,-0.070000,0.000000
0.060000,-0.060000,0.000000
0.060000,-0.050000,0.000000
0.060000,-0.040000,0.000000
0.060000,-0.030000,0.000000
0.060000,-0.020000,0.000000
0.060000,-0.010000,0.000000
0.060000,0.000000,0.000000
0.060000,0.010000,0.000000
0.060000,0.020000,0.000000
0.060000,0.030000,0.000000
0.060000,0.040000,0.000000
0.060000,0.050000,0.000000
0.060000,0.060000,0.000000
0.060000,0.070000,0.000000
0.060000,0.080000,0.000000
0.060000,0.090000,0.000000
0.060000,0.100000,0.000000
0.060000,0.110000,0.000000
0.060000,0.120000,0.000000
0.060000,0.130000,0.000000
0.060000,0.140000,0.000000
0.060000,0.150000,0.000000
0.060000,0.160000,0.000000
0.060000,0.170000,0.000000
0.060000,0.180000,0.000000
0.060000,0.190000,0.000000
0.060000,0.200000,0.000000
0.060000,0.210000,0.000000
0.060000,0.220000,0.000000
0.060000,0.230000,0.000000
0.060000,0.240000,0.000000
0.060000,0.250000,0.000000
0.060000,0.260000,0.000000
0.060000,0.270000,0.000000
0.060000,0.280000,0.000000
0.060000,0.290000,0.000000
0.060000,0.300000,0.000000
0.060000,0.310000,0.000000
0.060000,0.320000,0.000000
0.060000,0.330000,0.000000
0.060000,0.340000,0.000000
0.060000,0.350000,0.000000
0.060000,0.360000,0.000000
0.060000,0.370000,0.000000
0.060000,0.380000,0.000000
0.060000,0.390000,0.000000
0.060000,0.400000,0.000000
0.060000,0.410000,0.000000
0.060000,0.420000,0.000000
0.060000,0.430000,0.000000
0.060000,0.440000,0.000000
0.060000,0.450000,0.000000
0.060000,0.460000,0.000000
0.070000,-1.030000,0.000000
0.070000,-1.020000,0.000000
0.070000,-1.010000,0.000000
0.070000,-1.000000,0.000000
0.070000,-0.990000,0.000000
0.070000,-0.980000,0.000000
0.070000,-0.970000,0.000000
0.070000,-0.960000,0.000000
0.070000,-0.950000,0.000000
0.070000,-0.940000,0.000000
0.070000,-0.930000,0.000000
0.070000,-0.920000,0.000000
0.070000,-0.910000,0.000000
0.070000,-0.900000,0.000000
0.070000,-0.890000,0.000000
0.070000,-0.880000,0.000000
0.070000,-0.870000,0.000000
0.070000,-0.860000,0.000000
0.070000,-0.850000,0.000000
0.070000,-0.840000,0.000000
0.070000,-0.830000,0.000000
0.070000,-0.820000,0.000000
0.070000,-0.810000,0.000000
0.070000,-0.800000,0.000000
0.070000,-0.790000,0.000000
0.070000,-0.780000,0.000000
0.070000,-0.770000,0.000000
0.070000,-0.760000,0.000000
0.070000,-0.750000,0.000000
0.070000,-0.740000,0.000000
0.070000,-0.730000,0.000000
0.070000,-0.720000,0.008628
0.070000,-0.710000,0.015402
0.070000,-0.700000,0.019200
0.070000,-0.690000,0.021435
0.070000,-0.680000,0.022990
0.070000,-0.670000,0.023809
0.070000,-0.660000,0.024158
0.070000,-0.650000,0.024202
0.070000,-0.640000,0.023883
0.070000,-0.630000,0.023132
0.070000,-0.620000,0.021829
0.070000,-0.610000,0.019787
0.070000,-0.600000,0.016183
0.070000,-0.590000,0.034122
0.070000,-0.580000,0.033440
0.070000,-0.570000,0.032849
0.070000,-0.560000,0.032356
0.070000,-0.550000,0.032015
0.070000,-0.540000,0.031776
0.070000,-0.530000,0.031617
0.070000,-0.520000,0.031576
0.070000,-0.510000,0.031525
0.070000,-0.500000,0.031430
0.070000,-0.490000,0.031277
0.070000,-0.480000,0.031093
0.070000,-0.470000,0.030846
0.070000,-0.460000,0.030525
0.070000,-0.450000,0.030143
0.070000,-0.440000,0.029690
0.070000,-0.430000,0.029126
0.070000,-0.420000,0.028499
0.070000,-0.410000,0.027775
0.070000,-0.400000,0.026915
0.070000,-0.390000,0.025943
0.070000,-0.380000,0.025034
0.070000,-0.370000,0.024108
0.070000,-0.360000,0.023348
0.070000,-0.350000,0.022789
0.070000,-0.340000,0.022390
0.070000,-0.330000,0.022184
0.070000,-0.320000,0.022102
0.070000,-0.310000,0.022119
0.070000,-0.300000,0.022234
0.070000,-0.290000,0.022378
0.070000,-0.280000,0.022584
0.070000,-0.270000,0.022845
0.070000,-0.260000,0.023157
0.070000,-0.250000,0.023503
0.070000,-0.240000,0.023894
0.070000,-0.230000,0.024330
0.070000,-0.220000,0.024811
0.070000,-0.210000,0.025332
0.070000,-0.200000,0.025898
0.070000,-0.190000,0.026497
0.070000,-0.180000,0.027132
0.070000,-0.170000,0.027793
0.070000,-0.160000,0.028489
0.070000,-0.150000,0.029211
0.070000,-0.140000,0.029955
0.070000,-0.130000,0.030717
0.070000,-0.120000,0.031496
0.070000,-0.110000,0.032286
0.070000,-0.100000,0.000000
0.070000,-0.090000,0.000000
0.070000,-0.080000,0.000000
0.070000,-0.070000,0.000000
0.070000,-0.060000,0.000000
0.070000,-0.050000,0.000000
0.070000,-0.040000,0.000000
0.070000,-0.030000,0.000000
0.070000,-0.020000,0.000000
0.070000,-0.010000,0.000000
0.070000,0.000000,0.000000
0.070000,0.010000,0.000000
0.070000,0.020000,0.000000
0.070000,0.030000,0.000000
0.070000,0.040000,0.000000
0.070000,0.050000,0.000000
0.070000,0.060000,0.000000
0.070000,0.070000,0.000000
0.070000,0.080000,0.000000
0.070000,0.090000,0.000000
0.070000,0.100000,0.000000
0.070000,0.110000,0.000000
0.070000,0.120000,0.000000
0.070000,0.130000,0.000000
0.070000,0.140000,0.000000
0.070000,0.150000,0.000000
0.070000,0.160000,0.000000
0.070000,0.170000,0.000000
0.070000,0.180000,0.000000
0.070000,0.190000,0.000000
0.070000,0.200000,0.000000
0.070000,0.210000,0.000000
0.070000,0.220000,0.000000
0.070000,0.230000,0.000000
0.070000,0.240000,0.000000
0.070000,0.250000,0.000000
0.070000,0.260000,0.000000
0.070000,0.270000,0.000000
0.070000,0.280000,0.000000
0.070000,0.290000,0.000000
0.070000,0.300000,0.000000
0.070000,0.310000,0.000000
0.070000,0.320000,0.000000
0.070000,0.330000,0.000000
0.070000,0.340000,0.000000
0.070000,0.350000,0.000000
0.070000,0.360000,0.000000
0.070000,0.370000,0.000000
0.070000,0.380000,0.000000
0.070000,0.390000,0.000000
0.070000,0.400000,0.000000
0.070000,0.410000,0.000000
0.070000,0.420000,0.000000
0.070000,0.430000,0.000000
0.070000,0.440000,0.000000
0.070000,0.450000,0.000000
0.070000,0.460000,0.000000
0.080000,-1.030000,0.000000
0.080000,-1.020000,0.000000
0.080000,-1.010000,0.000000
0.080000,-1.000000,0.000000
0.080000,-0.990000,0.000000
0.080000,-0.980000,0.000000
0.080000,-0.970000,0.000000
0.080000,-0.960000,0.000000
0.080000,-0.950000,0.000000
0.080000,-0.940000,0.000000
0.080000,-0.930000,0.000000
0.080000,-0.920000,0.000000
0.080000,-0.910000,0.000000
0.080000,-0.900000,0.000000
0.080000,-0.890000,0.000000
0.080000,-0.880000,0.000000
0.080000,-0.870000,0.000000
0.080000,-0.860000,0.000000
0.080000,-0.850000,0.000000
0.080000,-0.840000,0.000000
0.080000,-0.830000,0.000000
0.080000,-0.820000,0.000000
0.080000,-0.810000,0.000000
0.080000,-0.800000,0.000000
0.080000,-0.790000,0.000000
0.080000,-0.780000,0.000000
0.080000,-0.770000,0.000000
0.080000,-0.760000,0.000000
0.080000,-0.750000,0.013440
0.080000,-0.740000,0.000000
0.080000,-0.730000,0.000000
0.080000,-0.720000,0.004647
0.080000,-0.710000,0.011714
0.080000,-0.700000,0.017054
0.080000,-0.690000,0.020287
0.080000,-0.680000,0.022194
0.080000,-0.670000,0.023260
0.080000,-0.660000,0.023886
0.080000,-0.650000,0.024139
0.080000,-0.640000,0.023996
0.080000,-0.630000,0.023417
0.080000,-0.620000,0.022309
0.080000,-0.610000,0.020471
0.080000,-0.600000,0.017387
0.080000,-0.590000,0.034965
0.080000,-0.580000,0.034330
0.080000,-0.570000,0.033781
0.080000,-0.560000,0.033242
0.080000,-0.550000,0.032795
0.080000,-0.540000,0.032444
0.080000,-0.530000,0.032264
0.080000,-0.520000,0.032098
0.080000,-0.510000,0.031936
0.080000,-0.500000,0.031743
0.080000,-0.490000,0.031559
0.080000,-0.480000,0.031282
0.080000,-0.470000,0.030994
0.080000,-0.460000,0.030646
0.080000,-0.450000,0.030244
0.080000,-0.440000,0.029764
0.080000,-0.430000,0.029195
0.080000,-0.420000,0.028535
0.080000,-0.410000,0.027738
0.080000,-0.400000,0.026943
0.080000,-0.390000,0.026062
0.080000,-0.380000,0.025102
0.080000,-0.370000,0.024268
0.080000,-0.360000,0.023588
0.080000,-0.350000,0.022979
0.080000,-0.340000,0.022614
0.080000,-0.330000,0.022343
0.080000,-0.320000,0.022225
0.080000,-0.310000,0.022236
0.080000,-0.300000,0.022292
0.080000,-0.290000,0.022422
0.080000,-0.280000,0.022604
0.080000,-0.270000,0.022838
0.080000,-0.260000,0.023139
0.080000,-0.250000,0.023472
0.080000,-0.240000,0.023859
0.080000,-0.230000,0.024294
0.080000,-0.220000,0.024777
0.080000,-0.210000,0.025310
0.080000,-0.200000,0.025879
0.080000,-0.190000,0.026489
0.080000,-0.180000,0.027135
0.080000,-0.170000,0.027815
0.080000,-0.160000,0.028528
0.080000,-0.150000,0.029263
0.080000,-0.140000,0.030020
0.080000,-0.130000,0.030789
0.080000,-0.120000,0.031579
0.080000,-0.110000,0.032378
0.080000,-0.100000,0.033180
0.080000,-0.090000,0.000000
0.080000,-0.080000,0.000000
0.080000,-0.070000,0.000000
0.080000,-0.060000,0.000000
0.080000,-0.050000,0.000000
0.080000,-0.040000,0.000000
0.080000,-0.030000,0.000000
0.080000,-0.020000,0.000000
0.080000,-0.010000,0.000000
0.080000,0.000000,0.000000
0.080000,0.010000,0.000000
0.080000,0.020000,0.000000
0.080000,0.030000,0.000000
0.080000,0.040000,0.000000
0.080000,0.050000,0.000000
0.080000,0.060000,0.000000
0.080000,0.070000,0.000000
0.080000,0.080000,0.000000
0.080000,0.090000,0.000000
0.080000,0.100000,0.000000
0.080000,0.110000,0.000000
0.080000,0.120000,0.000000
0.080000,0.130000,0.000000
0.080000,0.140000,0.000000
0.080000,0.150000,0.000000
0.080000,0.160000,0.000000
0.080000,0.170000,0.000000
0.080000,0.180000,0.000000
0.080000,0.190000,0.000000
0.080000,0.200000,0.000000
0.080000,0.210000,0.000000
0.080000,0.220000,0.000000
0.080000,0.230000,0.000000
0.080000,0.240000,0.000000
0.080000,0.250000,0.000000
0.080000,0.260000,0.000000
0.080000,0.270000,0.000000
0.080000,0.280000,0.000000
0.080000,0.290000,0.000000
0.080000,0.300000,0.000000
0.080000,0.310000,0.000000
0.080000,0.320000,0.000000
0.080000,0.330000,0.000000
0.080000,0.340000,0.000000
0.080000,0.350000,0.000000
0.080000,0.360000,0.000000
0.080000,0.370000,0.000000
0.080000,0.380000,0.000000
0.080000,0.390000,0.000000
0.080000,0.400000,0.000000
0.080000,0.410000,0.000000
0.080000,0.420000,0.000000
0.080000,0.430000,0.000000
0.080000,0.440000,0.000000
0.080000,0.450000,0.000000
0.080000,0.460000,0.000000
0.090000,-1.030000,0.000000
0.090000,-1.020000,0.000000
0.090000,-1.010000,0.000000
0.090000,-1.000000,0.000000
0.090000,-0.990000,0.000000
0.090000,-0.980000,0.000000
0.090000,-0.970000,0.000000
0.090000,-0.960000,0.000000
0.090000,-0.950000,0.000000
0.090000,-0.940000,0.000000
0.090000,-0.930000,0.000000
0.090000,-0.920000,0.000000
0.090000,-0.910000,0.000000
0.090000,-0.900000,0.000000
0.090000,-0.890000,0.000000
0.090000,-0.880000,0.000000
0.090000,-0.870000,0.000000
0.090000,-0.860000,0.000000
0.090000,-0.850000,0.000000
0.090000,-0.840000,0.000000
0.090000,-0.830000,0.000000
0.090000,-0.820000,0.000000
0.090000,-0.810000,0.000000
0.090000,-0.800000,0.000000
0.090000,-0.790000,0.000000
0.090000,-0.780000,0.000000
0.090000,-0.770000,0.000000
0.090000,-0.760000,0.000000
0.090000,-0.750000,0.014178
0.090000,-0.740000,0.017861
0.090000,-0.730000,0.021241
0.090000,-0.720000,0.024287
0.090000,-0.710000,0.026997
0.090000,-0.700000,0.029335
0.090000,-0.690000,0.031347
0.090000,-0.680000,0.033007
0.090000,-0.670000,0.034335
0.090000,-0.660000,0.035374
0.090000,-0.650000,0.023934
0.090000,-0.640000,0.024063
0.090000,-0.630000,0.023685
0.090000,-0.620000,0.022810
0.090000,-0.610000,0.021242
0.090000,-0.600000,0.018605
0.090000,-0.590000,0.035638
0.090000,-0.580000,0.035166
0.090000,-0.570000,0.034580
0.090000,-0.560000,0.034092
0.090000,-0.550000,0.033585
0.090000,-0.540000,0.033228
0.090000,-0.530000,0.032926
0.090000,-0.520000,0.032656
0.090000,-0.510000,0.032395
0.090000,-0.500000,0.032125
0.090000,-0.490000,0.031884
0.090000,-0.480000,0.031594
0.090000,-0.470000,0.031251
0.090000,-0.460000,0.030861
0.090000,-0.450000,0.030421
0.090000,-0.440000,0.029887
0.090000,-0.430000,0.029316
0.090000,-0.420000,0.028641
0.090000,-0.410000,0.027887
0.090000,-0.400000,0.027107
0.090000,-0.390000,0.026163
0.090000,-0.380000,0.025295
0.090000,-0.370000,0.024539
0.090000,-0.360000,0.023812
0.090000,-0.350000,0.023255
0.090000,-0.340000,0.022830
0.090000,-0.330000,0.022574
0.090000,-0.320000,0.022428
0.090000,-0.310000,0.022374
0.090000,-0.300000,0.022398
0.090000,-0.290000,0.022496
0.090000,-0.280000,0.022663
0.090000,-0.270000,0.022894
0.090000,-0.260000,0.023168
0.090000,-0.250000,0.023498
0.090000,-0.240000,0.023882
0.090000,-0.230000,0.024318
0.090000,-0.220000,0.024814
0.090000,-0.210000,0.025349
0.090000,-0.200000,0.025929
0.090000,-0.190000,0.026552
0.090000,-0.180000,0.027212
0.090000,-0.170000,0.027907
0.090000,-0.160000,0.028632
0.090000,-0.150000,0.029382
0.090000,-0.140000,0.030154
0.090000,-0.130000,0.030947
0.090000,-0.120000,0.031749
0.090000,-0.110000,0.032559
0.090000,-0.100000,0.033373
0.090000,-0.090000,0.034189
0.090000,-0.080000,0.000000
0.090000,-0.070000,0.000000
0.090000,-0.060000,0.000000
0.090000,-0.050000,0.000000
0.090000,-0.040000,0.000000
0.090000,-0.030000,0.000000
0.090000,-0.020000,0.000000
0.090000,-0.010000,0.000000
0.090000,0.000000,0.000000
0.090000,0.010000,0.000000
0.090000,0.020000,0.000000
0.090000,0.030000,0.000000
0.090000,0.040000,0.000000
0.090000,0.050000,0.000000
0.090000,0.060000,0.000000
0.090000,0.070000,0.000000
0.090000,0.080000,0.000000
0.090000,0.090000,0.000000
0.090000,0.100000,0.000000
0.090000,0.110000,0.000000
0.090000,0.120000,0.000000
0.090000,0.130000,0.000000
0.090000,0.140000,0.000000
0.090000,0.150000,0.000000
0.090000,0.160000,0.000000
0.090000,0.170000,0.000000
0.090000,0.180000,0.000000
0.090000,0.190000,0.000000
0.090000,0.200000,0.000000
0.090000,0.210000,0.000000
0.090000,0.220000,0.000000
0.090000,0.230000,0.000000
0.090000,0.240000,0.000000
0.090000,0.250000,0.000000
0.090000,0.260000,0.000000
0.090000,0.270000,0.000000
0.090000,0.280000,0.000000
0.090000,0.290000,0.000000
0.090000,0.300000,0.000000
0.090000,0.310000,0.000000
0.090000,0.320000,0.000000
0.090000,0.330000,0.000000
0.090000,0.340000,0.000000
0.090000,0.350000,0.000000
0.090000,0.360000,0.000000
0.090000,0.370000,0.000000
0.090000,0.380000,0.000000
0.090000,0.390000,0.000000
0.090000,0.400000,0.000000
0.090000,0.410000,0.000000
0.090000,0.420000,0.000000
0.090000,0.430000,0.000000
0.090000,0.440000,0.000000
0.090000,0.450000,0.000000
0.090000,0.460000,0.000000
0.100000,-1.030000,0.000000
0.100000,-1.020000,0.000000
0.100000,-1.010000,0.000000
0.100000,-1.000000,0.000000
0.100000,-0.990000,0.000000
0.100000,-0.980000,0.000000
0.100000,-0.970000,0.000000
0.100000,-0.960000,0.000000
0.100000,-0.950000,0.000000
0.100000,-0.940000,0.000000
0.100000,-0.930000,0.000000
0.100000,-0.920000,0.000000
0.100000,-0.910000,0.000000
0.100000,-0.900000,0.000000
0.100000,-0.890000,0.000000
0.100000,-0.880000,0.000000
0.100000,-0.870000,0.000000
0.100000,-0.860000,0.000000
0.100000,-0.850000,0.000000
0.100000,-0.840000,0.000000
0.100000,-0.830000,0.000000
0.100000,-0.820000,0.000000
0.100000,-0.810000,0.000000
0.100000,-0.800000,0.000000
0.100000,-0.790000,0.000000
0.100000,-0.780000,0.000000
0.100000,-0.770000,0.000000
0.100000,-0.760000,0.010852
0.100000,-0.750000,0.014805
0.100000,-0.740000,0.018475
0.100000,-0.730000,0.021820
0.100000,-0.720000,0.024831
0.100000,-0.710000,0.027496
0.100000,-0.700000,0.029814
0.100000,-0.690000,0.031813
0.100000,-0.680000,0.033455
0.100000,-0.670000,0.034803
0.100000,-0.660000,0.035844
0.100000,-0.650000,0.036591
0.100000,-0.640000,0.037067
0.100000,-0.630000,0.037302
0.100000,-0.620000,0.037322
0.100000,-0.610000,0.037126
0.100000,-0.600000,0.036876
0.100000,-0.590000,0.036382
0.100000,-0.580000,0.035879
0.100000,-0.570000,0.035420
0.100000,-0.560000,0.034915
0.100000,-0.550000,0.034442
0.100000,-0.540000,0.034020
0.100000,-0.530000,0.033637
0.100000,-0.520000,0.033280
0.100000,-0.510000,0.032934
0.100000,-0.500000,0.032646
0.100000,-0.490000,0.032281
0.100000,-0.480000,0.031940
0.100000,-0.470000,0.031560
0.100000,-0.460000,0.031149
0.100000,-0.450000,0.030643
0.100000,-0.440000,0.030105
0.100000,-0.430000,0.029495
0.100000,-0.420000,0.028800
0.100000,-0.410000,0.028049
0.100000,-0.400000,0.027259
0.100000,-0.390000,0.026394
0.100000,-0.380000,0.025536
0.100000,-0.370000,0.024736
0.100000,-0.360000,0.024079
0.100000,-0.350000,0.023522
0.100000,-0.340000,0.023129
0.100000,-0.330000,0.022814
0.100000,-0.320000,0.022635
0.100000,-0.310000,0.022553
0.100000,-0.300000,0.022553
0.100000,-0.290000,0.022628
0.100000,-0.280000,0.022787
0.100000,-0.270000,0.022989
0.100000,-0.260000,0.023253
0.100000,-0.250000,0.023577
0.100000,-0.240000,0.023961
0.100000,-0.230000,0.024413
0.100000,-0.220000,0.024908
0.100000,-0.210000,0.025455
0.100000,-0.200000,0.026049
0.100000,-0.190000,0.026687
0.100000,-0.180000,0.027365
0.100000,-0.170000,0.028077
0.100000,-0.160000,0.028819
0.100000,-0.150000,0.029586
0.100000,-0.140000,0.030371
0.100000,-0.130000,0.031176
0.100000,-0.120000,0.031992
0.100000,-0.110000,0.032815
0.100000,-0.100000,0.033645
0.100000,-0.090000,0.034468
0.100000,-0.080000,0.035282
0.100000,-0.070000,0.036085
0.100000,-0.060000,0.000000
0.100000,-0.050000,0.000000
0.100000,-0.040000,0.000000
0.100000,-0.030000,0.000000
0.100000,-0.020000,0.000000
0.100000,-0.010000,0.000000
0.100000,0.000000,0.000000
0.100000,0.010000,0.000000
0.100000,0.020000,0.000000
0.100000,0.030000,0.000000
0.100000,0.040000,0.000000
0.100000,0.050000,0.000000
0.100000,0.060000,0.000000
0.100000,0.070000,0.000000
0.100000,0.080000,0.000000
0.100000,0.090000,0.000000
0.100000,0.100000,0.000000
0.100000,0.110000,0.000000
0.100000,0.120000,0.000000
0.100000,0.130000,0.000000
0.100000,0.140000,0.000000
0.100000,0.150000,0.000000
0.100000,0.160000,0.000000
0.100000,0.170000,0.000000
0.100000,0.180000,0.000000
0.100000,0.190000,0.000000
0.100000,0.200000,0.000000
0.100000,0.210000,0.000000
0.100000,0.220000,0.000000
0.100000,0.230000,0.000000
0.100000,0.240000,0.000000
0.100000,0.250000,0.000000
0.100000,0.260000,0.000000
0.100000,0.270000,0.000000
0.100000,0.280000,0.000000
0.100000,0.290000,0.000000
0.100000,0.300000,0.000000
0.100000,0.310000,0.000000
0.100000,0.320000,0.000000
0.100000,0.330000,0.000000
0.100000,0.340000,0.000000
0.100000,0.350000,0.000000
0.100000,0.360000,0.000000
0.100000,0.370000,0.000000
0.100000,0.380000,0.000000
0.100000,0.390000,0.000000
0.100000,0.400000,0.000000
0.100000,0.410000,0.000000
0.100000,0.420000,0.000000
0.100000,0.430000,0.000000
0.100000,0.440000,0.000000
0.100000,0.450000,0.000000
0.100000,0.460000,0.000000
0.110000,-1.030000,0.000000
0.110000,-1.020000,0.000000
0.110000,-1.010000,0.000000
0.110000,-1.000000,0.000000
0.110000,-0.990000,0.000000
0.110000,-0.980000,0.000000
0.110000,-0.970000,0.000000
0.110000,-0.960000,0.000000
0.110000,-0.950000,0.000000
0.110000,-0.940000,0.000000
0.110000,-0.930000,0.000000
0.110000,-0.920000,0.000000
0.110000,-0.910000,0.000000
0.110000,-0.900000,0.000000
0.110000,-0.890000,0.000000
0.110000,-0.880000,0.000000
0.110000,-0.870000,0.000000
0.110000,-0.860000,0.000000
0.110000,-0.850000,0.000000
0.110000,-0.840000,0.000000
0.110000,-0.830000,0.000000
0.110000,-0.820000,0.000000
0.110000,-0.810000,0.000000
0.110000,-0.800000,0.000000
0.110000,-0.790000,0.000000
0.110000,-0.780000,0.000000
0.110000,-0.770000,0.000000
0.110000,-0.760000,0.011312
0.110000,-0.750000,0.015317
0.110000,-0.740000,0.018987
0.110000,-0.730000,0.022318
0.110000,-0.720000,0.025302
0.110000,-0.710000,0.027940
0.110000,-0.700000,0.030235
0.110000,-0.690000,0.032217
0.110000,-0.680000,0.033853
0.110000,-0.670000,0.035208
0.110000,-0.660000,0.036233
0.110000,-0.650000,0.037014
0.110000,-0.640000,0.037535
0.110000,-0.630000,0.037769
0.110000,-0.620000,0.037888
0.110000,-0.610000,0.037775
0.110000,-0.600000,0.037514
0.110000,-0.590000,0.037112
0.110000,-0.580000,0.036715
0.110000,-0.570000,0.036166
0.110000,-0.560000,0.035707
0.110000,-0.550000,0.035206
0.110000,-0.540000,0.034806
0.110000,-0.530000,0.034360
0.110000,-0.520000,0.033933
0.110000,-0.510000,0.033578
0.110000,-0.500000,0.033159
0.110000,-0.490000,0.032744
0.110000,-0.480000,0.032357
0.110000,-0.470000,0.031937
0.110000,-0.460000,0.031475
0.110000,-0.450000,0.030957
0.110000,-0.440000,0.030370
0.110000,-0.430000,0.029750
0.110000,-0.420000,0.029027
0.110000,-0.410000,0.028331
0.110000,-0.400000,0.027471
0.110000,-0.390000,0.026611
0.110000,-0.380000,0.025831
0.110000,-0.370000,0.025103
0.110000,-0.360000,0.024387
0.110000,-0.350000,0.023831
0.110000,-0.340000,0.023425
0.110000,-0.330000,0.023085
0.110000,-0.320000,0.022886
0.110000,-0.310000,0.022778
0.110000,-0.300000,0.022755
0.110000,-0.290000,0.022827
0.110000,-0.280000,0.022946
0.110000,-0.270000,0.023134
0.110000,-0.260000,0.023390
0.110000,-0.250000,0.023713
0.110000,-0.240000,0.024104
0.110000,-0.230000,0.024566
0.110000,-0.220000,0.025073
0.110000,-0.210000,0.025635
0.110000,-0.200000,0.026248
0.110000,-0.190000,0.026901
0.110000,-0.180000,0.027598
0.110000,-0.170000,0.028329
0.110000,-0.160000,0.029084
0.110000,-0.150000,0.029870
0.110000,-0.140000,0.030676
0.110000,-0.130000,0.031496
0.110000,-0.120000,0.032326
0.110000,-0.110000,0.033160
0.110000,-0.100000,0.033996
0.110000,-0.090000,0.034827
0.110000,-0.080000,0.035649
0.110000,-0.070000,0.036459
0.110000,-0.060000,0.037247
0.110000,-0.050000,0.038004
0.110000,-0.040000,0.000000
0.110000,-0.030000,0.000000
0.110000,-0.020000,0.000000
0.110000,-0.010000,0.000000
0.110000,0.000000,0.000000
0.110000,0.010000,0.000000
0.110000,0.020000,0.000000
0.110000,0.030000,0.000000
0.110000,0.040000,0.000000
0.110000,0.050000,0.000000
0.110000,0.060000,0.000000
0.110000,0.070000,0.000000
0.110000,0.080000,0.000000
0.110000,0.090000,0.000000
0.110000,0.100000,0.000000
0.110000,0.110000,0.000000
0.110000,0.120000,0.000000
0.110000,0.130000,0.000000
0.110000,0.140000,0.000000
0.110000,0.150000,0.000000
0.110000,0.160000,0.000000
0.110000,0.170000,0.000000
0.110000,0.180000,0.000000
0.110000,0.190000,0.000000
0.110000,0.200000,0.000000
0.110000,0.210000,0.000000
0.110000,0.220000,0.000000
0.110000,0.230000,0.000000
0.110000,0.240000,0.000000
0.110000,0.250000,0.000000
0.110000,0.260000,0.000000
0.110000,0.270000,0.000000
0.110000,0.280000,0.000000
0.110000,0.290000,0.000000
0.110000,0.300000,0.000000
0.110000,0.310000,0.000000
0.110000,0.320000,0.000000
0.110000,0.330000,0.000000
0.110000,0.340000,0.000000
0.110000,0.350000,0.000000
0.110000,0.360000,0.000000
0.110000,0.370000,0.000000
0.110000,0.380000,0.000000
0.110000,0.390000,0.000000
0.110000,0.400000,0.000000
0.110000,0.410000,0.000000
0.110000,0.420000,0.000000
0.110000,0.430000,0.000000
0.110000,0.440000,0.000000
0.110000,0.450000,0.000000
0.110000,0.460000,0.000000
0.120000,-1.030000,0.000000
0.120000,-1.020000,0.000000
0.120000,-1.010000,0.000000
0.120000,-1.000000,0.000000
0.120000,-0.990000,0.000000
0.120000,-0.980000,0.000000
0.120000,-0.970000,0.000000
0.120000,-0.960000,0.000000
0.120000,-0.950000,0.000000
0.120000,-0.940000,0.000000
0.120000,-0.930000,0.000000
0.120000,-0.920000,0.000000
0.120000,-0.910000,0.000000
0.120000,-0.900000,0.000000
0.120000,-0.890000,0.000000
0.120000,-0.880000,0.000000
0.120000,-0.870000,0.000000
0.120000,-0.860000,0.000000
0.120000,-0.850000,0.000000
0.120000,-0.840000,0.000000
0.120000,-0.830000,0.000000
0.120000,-0.820000,0.000000
0.120000,-0.810000,0.000000
0.120000,-0.800000,0.000000
0.120000,-0.790000,0.000000
0.120000,-0.780000,0.000000
0.120000,-0.770000,0.000000
0.120000,-0.760000,0.011647
0.120000,-0.750000,0.015713
0.120000,-0.740000,0.019395
0.120000,-0.730000,0.022716
0.120000,-0.720000,0.025690
0.120000,-0.710000,0.028323
0.120000,-0.700000,0.030604
0.120000,-0.690000,0.032578
0.120000,-0.680000,0.034212
0.120000,-0.670000,0.035573
0.120000,-0.660000,0.036618
0.120000,-0.650000,0.037429
0.120000,-0.640000,0.037948
0.120000,-0.630000,0.038283
0.120000,-0.620000,0.038415
0.120000,-0.610000,0.038380
0.120000,-0.600000,0.038129
0.120000,-0.590000,0.037838
0.120000,-0.580000,0.037405
0.120000,-0.570000,0.036950
0.120000,-0.560000,0.036491
0.120000,-0.550000,0.036022
0.120000,-0.540000,0.035513
0.120000,-0.530000,0.035087
0.120000,-0.520000,0.034606
0.120000,-0.510000,0.034194
0.120000,-0.500000,0.033722
0.120000,-0.490000,0.033298
0.120000,-0.480000,0.032847
0.120000,-0.470000,0.032378
0.120000,-0.460000,0.031877
0.120000,-0.450000,0.031334
0.120000,-0.440000,0.030703
0.120000,-0.430000,0.030057
0.120000,-0.420000,0.029380
0.120000,-0.410000,0.028495
0.120000,-0.400000,0.027818
0.120000,-0.390000,0.026954
0.120000,-0.380000,0.026183
0.120000,-0.370000,0.025397
0.120000,-0.360000,0.024744
0.120000,-0.350000,0.024227
0.120000,-0.340000,0.023761
0.120000,-0.330000,0.023440
0.120000,-0.320000,0.023213
0.120000,-0.310000,0.023078
0.120000,-0.300000,0.023026
0.120000,-0.290000,0.023051
0.120000,-0.280000,0.023155
0.120000,-0.270000,0.023333
0.120000,-0.260000,0.023589
0.120000,-0.250000,0.023914
0.120000,-0.240000,0.024326
0.120000,-0.230000,0.024787
0.120000,-0.220000,0.025310
0.120000,-0.210000,0.025892
0.120000,-0.200000,0.026524
0.120000,-0.190000,0.027203
0.120000,-0.180000,0.027921
0.120000,-0.170000,0.028665
0.120000,-0.160000,0.029446
0.120000,-0.150000,0.030248
0.120000,-0.140000,0.031070
0.120000,-0.130000,0.031906
0.120000,-0.120000,0.032745
0.120000,-0.110000,0.033593
0.120000,-0.100000,0.034438
0.120000,-0.090000,0.035276
0.120000,-0.080000,0.036103
0.120000,-0.070000,0.036913
0.120000,-0.060000,0.037699
0.120000,-0.050000,0.038461
0.120000,-0.040000,0.039187
0.120000,-0.030000,0.000000
0.120000,-0.020000,0.000000
0.120000,-0.010000,0.000000
0.120000,0.000000,0.000000
0.120000,0.010000,0.000000
0.120000,0.020000,0.000000
0.120000,0.030000,0.000000
0.120000,0.040000,0.000000
0.120000,0.050000,0.000000
0.120000,0.060000,0.000000
0.120000,0.070000,0.000000
0.120000,0.080000,0.000000
0.120000,0.090000,0.000000
0.120000,0.100000,0.000000
0.120000,0.110000,0.000000
0.120000,0.120000,0.000000
0.120000,0.130000,0.000000
0.120000,0.140000,0.000000
0.120000,0.150000,0.000000
0.120000,0.160000,0.000000
0.120000,0.170000,0.000000
0.120000,0.180000,0.000000
0.120000,0.190000,0.000000
0.120000,0.200000,0.000000
0.120000,0.210000,0.000000
0.120000,0.220000,0.000000
0.120000,0.230000,0.000000
0.120000,0.240000,0.000000
0.120000,0.250000,0.000000
0.120000,0.260000,0.000000
0.120000,0.270000,0.000000
0.120000,0.280000,0.000000
0.120000,0.290000,0.000000
0.120000,0.300000,0.000000
0.120000,0.310000,0.000000
0.120000,0.320000,0.000000
0.120000,0.330000,0.000000
0.120000,0.340000,0.000000
0.120000,0.350000,0.000000
0.120000,0.360000,0.000000
0.120000,0.370000,0.000000
0.120000,0.380000,0.000000
0.120000,0.390000,0.000000
0.120000,0.400000,0.000000
0.120000,0.410000,0.000000
0.120000,0.420000,0.000000
0.120000,0.430000,0.000000
0.120000,0.440000,0.000000
0.120000,0.450000,0.000000
0.120000,0.460000,0.000000
0.130000,-1.030000,0.000000
0.130000,-1.020000,0.000000
0.130000,-1.010000,0.000000
0.130000,-1.000000,0.000000
0.130000,-0.990000,0.000000
0.130000,-0.980000,0.000000
0.130000,-0.970000,0.000000
0.130000,-0.960000,0.000000
0.130000,-0.950000,0.000000
0.130000,-0.940000,0.000000
0.130000,-0.930000,0.000000
0.130000,-0.920000,0.000000
0.130000,-0.910000,0.000000
0.130000,-0.900000,0.000000
0.130000,-0.890000,0.000000
0.130000,-0.880000,0.000000
0.130000,-0.870000,0.000000
0.130000,-0.860000,0.000000
0.130000,-0.850000,0.000000
0.130000,-0.840000,0.000000
0.130000,-0.830000,0.000000
0.130000,-0.820000,0.000000
0.130000,-0.810000,0.000000
0.130000,-0.800000,0.000000
0.130000,-0.790000,0.000000
0.130000,-0.780000,0.000000
0.130000,-0.770000,0.000000
0.130000,-0.760000,0.011854
0.130000,-0.750000,0.015986
0.130000,-0.740000,0.019696
0.130000,-0.730000,0.023029
0.130000,-0.720000,0.026002
0.130000,-0.710000,0.028629
0.130000,-0.700000,0.030927
0.130000,-0.690000,0.032882
0.130000,-0.680000,0.034549
0.130000,-0.670000,0.035900
0.130000,-0.660000,0.036998
0.130000,-0.650000,0.037800
0.130000,-0.640000,0.038401
0.130000,-0.630000,0.038738
0.130000,-0.620000,0.038909
0.130000,-0.610000,0.038871
0.130000,-0.600000,0.038745
0.130000,-0.590000,0.038512
0.130000,-0.580000,0.038125
0.130000,-0.570000,0.037699
0.130000,-0.560000,0.037227
0.130000,-0.550000,0.036766
0.130000,-0.540000,0.036284
0.130000,-0.530000,0.035821
0.130000,-0.520000,0.035305
0.130000,-0.510000,0.034841
0.130000,-0.500000,0.034323
0.130000,-0.490000,0.033851
0.130000,-0.480000,0.033363
0.130000,-0.470000,0.032875
0.130000,-0.460000,0.032334
0.130000,-0.450000,0.031754
0.130000,-0.440000,0.031132
0.130000,-0.430000,0.030429
0.130000,-0.420000,0.029724
0.130000,-0.410000,0.028940
0.130000,-0.400000,0.028143
0.130000,-0.390000,0.027351
0.130000,-0.380000,0.026518
0.130000,-0.370000,0.025795
0.130000,-0.360000,0.025139
0.130000,-0.350000,0.024615
0.130000,-0.340000,0.024136
0.130000,-0.330000,0.023797
0.130000,-0.320000,0.023550
0.130000,-0.310000,0.023390
0.130000,-0.300000,0.023317
0.130000,-0.290000,0.023326
0.130000,-0.280000,0.023421
0.130000,-0.270000,0.023593
0.130000,-0.260000,0.023847
0.130000,-0.250000,0.024180
0.130000,-0.240000,0.024607
0.130000,-0.230000,0.025086
0.130000,-0.220000,0.025630
0.130000,-0.210000,0.026234
0.130000,-0.200000,0.026891
0.130000,-0.190000,0.027580
0.130000,-0.180000,0.028322
0.130000,-0.170000,0.029097
0.130000,-0.160000,0.029899
0.130000,-0.150000,0.030722
0.130000,-0.140000,0.031555
0.130000,-0.130000,0.032405
0.130000,-0.120000,0.033258
0.130000,-0.110000,0.034112
0.130000,-0.100000,0.034966
0.130000,-0.090000,0.035811
0.130000,-0.080000,0.036646
0.130000,-0.070000,0.037457
0.130000,-0.060000,0.038244
0.130000,-0.050000,0.039000
0.130000,-0.040000,0.039717
0.130000,-0.030000,0.040388
0.130000,-0.020000,0.000000
0.130000,-0.010000,0.000000
0.130000,0.000000,0.000000
0.130000,0.010000,0.000000
0.130000,0.020000,0.000000
0.130000,0.030000,0.000000
0.130000,0.040000,0.000000
0.130000,0.050000,0.000000
0.130000,0.060000,0.000000
0.130000,0.070000,0.000000
0.130000,0.080000,0.000000
0.130000,0.090000,0.000000
0.130000,0.100000,0.000000
0.130000,0.110000,0.000000
0.130000,0.120000,0.000000
0.130000,0.130000,0.000000
0.130000,0.140000,0.000000
0.130000,0.150000,0.000000
0.130000,0.160000,0.000000
0.130000,0.170000,0.000000
0.130000,0.180000,0.000000
0.130000,0.190000,0.000000
0.130000,0.200000,0.000000
0.130000,0.210000,0.000000
0.130000,0.220000,0.000000
0.130000,0.230000,0.000000
0.130000,0.240000,0.000000
0.130000,0.250000,0.000000
0.130000,0.260000,0.000000
0.130000,0.270000,0.000000
0.130000,0.280000,0.000000
0.130000,0.290000,0.000000
0.130000,0.300000,0.000000
0.130000,0.310000,0.000000
0.130000,0.320000,0.000000
0.130000,0.330000,0.000000
0.130000,0.340000,0.000000
0.130000,0.350000,0.000000
0.130000,0.360000,0.000000
0.130000,0.370000,0.000000
0.130000,0.380000,0.000000
0.130000,0.390000,0.000000
0.130000,0.400000,0.000000
0.130000,0.410000,0.000000
0.130000,0.420000,0.000000
0.130000,0.430000,0.000000
0.130000,0.440000,0.000000
0.130000,0.450000,0.000000
0.130000,0.460000,0.000000
0.140000,-1.030000,0.000000
0.140000,-1.020000,0.000000
0.140000,-1.010000,0.000000
0.140000,-1.000000,0.000000
0.140000,-0.990000,0.000000
0.140000,-0.980000,0.000000
0.140000,-0.970000,0.000000
0.140000,-0.960000,0.000000
0.140000,-0.950000,0.000000
0.140000,-0.940000,0.000000
0.140000,-0.930000,0.000000
0.140000,-0.920000,0.000000
0.140000,-0.910000,0.000000
0.140000,-0.900000,0.000000
0.140000,-0.890000,0.000000
0.140000,-0.880000,0.000000
0.140000,-0.870000,0.000000
0.140000,-0.860000,0.000000
0.140000,-0.850000,0.000000
0.140000,-0.840000,0.000000
0.140000,-0.830000,0.000000
0.140000,-0.820000,0.000000
0.140000,-0.810000,0.000000
0.140000,-0.800000,0.000000
0.140000,-0.790000,0.000000
0.140000,-0.780000,0.000000
0.140000,-0.770000,0.000000
0.140000,-0.760000,0.011933
0.140000,-0.750000,0.016137
0.140000,-0.740000,0.019888
0.140000,-0.730000,0.023246
0.140000,-0.720000,0.026233
0.140000,-0.710000,0.028869
0.140000,-0.700000,0.031175
0.140000,-0.690000,0.033145
0.140000,-0.680000,0.034827
0.140000,-0.670000,0.036225
0.140000,-0.660000,0.037320
0.140000,-0.650000,0.038191
0.140000,-0.640000,0.038791
0.140000,-0.630000,0.039216
0.140000,-0.620000,0.039403
0.140000,-0.610000,0.039458
0.140000,-0.600000,0.039333
0.140000,-0.590000,0.039141
0.140000,-0.580000,0.038796
0.140000,-0.570000,0.038401
0.140000,-0.560000,0.038013
0.140000,-0.550000,0.037532
0.140000,-0.540000,0.037049
0.140000,-0.530000,0.036502
0.140000,-0.520000,0.036008
0.140000,-0.510000,0.035510
0.140000,-0.500000,0.034954
0.140000,-0.490000,0.034452
0.140000,-0.480000,0.033953
0.140000,-0.470000,0.033417
0.140000,-0.460000,0.032840
0.140000,-0.450000,0.032227
0.140000,-0.440000,0.031568
0.140000,-0.430000,0.030897
0.140000,-0.420000,0.030121
0.140000,-0.410000,0.029328
0.140000,-0.400000,0.028599
0.140000,-0.390000,0.027729
0.140000,-0.380000,0.026960
0.140000,-0.370000,0.026239
0.140000,-0.360000,0.025576
0.140000,-0.350000,0.025044
0.140000,-0.340000,0.024553
0.140000,-0.330000,0.024195
0.140000,-0.320000,0.023927
0.140000,-0.310000,0.023749
0.140000,-0.300000,0.023658
0.140000,-0.290000,0.023658
0.140000,-0.280000,0.023743
0.140000,-0.270000,0.023916
0.140000,-0.260000,0.024177
0.140000,-0.250000,0.024522
0.140000,-0.240000,0.024949
0.140000,-0.230000,0.025451
0.140000,-0.220000,0.026022
0.140000,-0.210000,0.026653
0.140000,-0.200000,0.027336
0.140000,-0.190000,0.028065
0.140000,-0.180000,0.028832
0.140000,-0.170000,0.029629
0.140000,-0.160000,0.030451
0.140000,-0.150000,0.031282
0.140000,-0.140000,0.032137
0.140000,-0.130000,0.033001
0.140000,-0.120000,0.033861
0.140000,-0.110000,0.034728
0.140000,-0.100000,0.035589
0.140000,-0.090000,0.036432
0.140000,-0.080000,0.037267
0.140000,-0.070000,0.038078
0.140000,-0.060000,0.038860
0.140000,-0.050000,0.039609
0.140000,-0.040000,0.040320
0.140000,-0.030000,0.040986
0.140000,-0.020000,0.041599
0.140000,-0.010000,0.000000
0.140000,0.000000,0.000000
0.140000,0.010000,0.000000
0.140000,0.020000,0.000000
0.140000,0.030000,0.000000
0.140000,0.040000,0.000000
0.140000,0.050000,0.000000
0.140000,0.060000,0.000000
0.140000,0.070000,0.000000
0.140000,0.080000,0.000000
0.140000,0.090000,0.000000
0.140000,0.100000,0.000000
0.140000,0.110000,0.000000
0.140000,0.120000,0.000000
0.140000,0.130000,0.000000
0.140000,0.140000,0.000000
0.140000,0.150000,0.000000
0.140000,0.160000,0.000000
0.140000,0.170000,0.000000
0.140000,0.180000,0.000000
0.140000,0.190000,0.000000
0.140000,0.200000,0.000000
0.140000,0.210000,0.000000
0.140000,0.220000,0.000000
0.140000,0.230000,0.000000
0.140000,0.240000,0.000000
0.140000,0.250000,0.000000
0.140000,0.260000,0.000000
0.140000,0.270000,0.000000
0.140000,0.280000,0.000000
0.140000,0.290000,0.000000
0.140000,0.300000,0.000000
0.140000,0.310000,0.000000
0.140000,0.320000,0.000000
0.140000,0.330000,0.000000
0.140000,0.340000,0.000000
0.140000,0.350000,0.000000
0.140000,0.360000,0.000000
0.140000,0.370000,0.000000
0.140000,0.380000,0.000000
0.140000,0.390000,0.000000
0.140000,0.400000,0.000000
0.140000,0.410000,0.000000
0.140000,0.420000,0.000000
0.140000,0.430000,0.000000
0.140000,0.440000,0.000000
0.140000,0.450000,0.000000
0.140000,0.460000,0.000000
0.150000,-1.030000,0.000000
0.150000,-1.020000,0.000000
0.150000,-1.010000,0.000000
0.150000,-1.000000,0.000000
0.150000,-0.990000,0.000000
0.150000,-0.980000,0.000000
0.150000,-0.970000,0.000000
0.150000,-0.960000,0.000000
0.150000,-0.950000,0.000000
0.150000,-0.940000,0.000000
0.150000,-0.930000,0.000000
0.150000,-0.920000,0.000000
0.150000,-0.910000,0.000000
0.150000,-0.900000,0.000000
0.150000,-0.890000,0.000000
0.150000,-0.880000,0.000000
0.150000,-0.870000,0.000000
0.150000,-0.860000,0.000000
0.150000,-0.850000,0.000000
0.150000,-0.840000,0.000000
0.150000,-0.830000,0.000000
0.150000,-0.820000,0.000000
0.150000,-0.810000,0.000000
0.150000,-0.800000,0.000000
0.150000,-0.790000,0.000000
0.150000,-0.780000,0.000000
0.150000,-0.770000,0.000000
0.150000,-0.760000,0.011900
0.150000,-0.750000,0.016170
0.150000,-0.740000,0.019970
0.150000,-0.730000,0.023358
0.150000,-0.720000,0.026372
0.150000,-0.710000,0.029035
0.150000,-0.700000,0.031360
0.150000,-0.690000,0.033348
0.150000,-0.680000,0.035053
0.150000,-0.670000,0.036478
0.150000,-0.660000,0.037606
0.150000,-0.650000,0.038512
0.150000,-0.640000,0.039152
0.150000,-0.630000,0.039620
0.150000,-0.620000,0.039858
0.150000,-0.610000,0.039971
0.150000,-0.600000,0.039878
0.150000,-0.590000,0.039731
0.150000,-0.580000,0.039443
0.150000,-0.570000,0.039127
0.150000,-0.560000,0.038701
0.150000,-0.550000,0.038228
0.150000,-0.540000,0.037744
0.150000,-0.530000,0.037238
0.150000,-0.520000,0.036720
0.150000,-0.510000,0.036193
0.150000,-0.500000,0.035615
0.150000,-0.490000,0.035111
0.150000,-0.480000,0.034559
0.150000,-0.470000,0.033993
0.150000,-0.460000,0.033376
0.150000,-0.450000,0.032736
0.150000,-0.440000,0.032059
0.150000,-0.430000,0.031301
0.150000,-0.420000,0.030571
0.150000,-0.410000,0.029831
0.150000,-0.400000,0.029024
0.150000,-0.390000,0.028215
0.150000,-0.380000,0.027450
0.150000,-0.370000,0.026721
0.150000,-0.360000,0.026053
0.150000,-0.350000,0.025513
0.150000,-0.340000,0.025009
0.150000,-0.330000,0.024634
0.150000,-0.320000,0.024350
0.150000,-0.310000,0.024156
0.150000,-0.300000,0.024051
0.150000,-0.290000,0.024041
0.150000,-0.280000,0.024126
0.150000,-0.270000,0.024313
0.150000,-0.260000,0.024587
0.150000,-0.250000,0.024953
0.150000,-0.240000,0.025404
0.150000,-0.230000,0.025933
0.150000,-0.220000,0.026531
0.150000,-0.210000,0.027190
0.150000,-0.200000,0.027901
0.150000,-0.190000,0.028656
0.150000,-0.180000,0.029446
0.150000,-0.170000,0.030265
0.150000,-0.160000,0.031091
0.150000,-0.150000,0.031950
0.150000,-0.140000,0.032819
0.150000,-0.130000,0.033684
0.150000,-0.120000,0.034561
0.150000,-0.110000,0.035427
0.150000,-0.100000,0.036290
0.150000,-0.090000,0.037136
0.150000,-0.080000,0.037968
0.150000,-0.070000,0.038773
0.150000,-0.060000,0.039551
0.150000,-0.050000,0.040295
0.150000,-0.040000,0.040995
0.150000,-0.030000,0.041643
0.150000,-0.020000,0.042239
0.150000,-0.010000,0.042782
0.150000,0.000000,0.000000
0.150000,0.010000,0.000000
0.150000,0.020000,0.000000
0.150000,0.030000,0.000000
0.150000,0.040000,0.000000
0.150000,0.050000,0.000000
0.150000,0.060000,0.000000
0.150000,0.070000,0.000000
0.150000,0.080000,0.000000
0.150000,0.090000,0.000000
0.150000,0.100000,0.000000
0.150000,0.110000,0.000000
0.150000,0.120000,0.000000
0.150000,0.130000,0.000000
0.150000,0.140000,0.000000
0.150000,0.150000,0.000000
0.150000,0.160000,0.000000
0.150000,0.170000,0.000000
0.150000,0.180000,0.000000
0.150000,0.190000,0.000000
0.150000,0.200000,0.000000
0.150000,0.210000,0.000000
0.150000,0.220000,0.000000
0.150000,0.230000,0.000000
0.150000,0.240000,0.000000
0.150000,0.250000,0.000000
0.150000,0.260000,0.000000
0.150000,0.270000,0.000000
0.150000,0.280000,0.000000
0.150000,0.290000,0.000000
0.150000,0.300000,0.000000
0.150000,0.310000,0.000000
0.150000,0.320000,0.000000
0.150000,0.330000,0.000000
0.150000,0.340000,0.000000
0.150000,0.350000,0.000000
0.150000,0.360000,0.000000
0.150000,0.370000,0.000000
0.150000,0.380000,0.000000
0.150000,0.390000,0.000000
0.150000,0.400000,0.000000
0.150000,0.410000,0.000000
0.150000,0.420000,0.000000
0.150000,0.430000,0.000000
0.150000,0.440000,0.000000
0.150000,0.450000,0.000000
0.150000,0.460000,0.000000
0.160000,-1.030000,0.000000
0.160000,-1.020000,0.000000
0.160000,-1.010000,0.000000
0.160000,-1.000000,0.000000
0.160000,-0.990000,0.000000
0.160000,-0.980000,0.000000
0.160000,-0.970000,0.000000
0.160000,-0.960000,0.000000
0.160000,-0.950000,0.000000
0.160000,-0.940000,0.000000
0.160000,-0.930000,0.000000
0.160000,-0.920000,0.000000
0.160000,-0.910000,0.000000
0.160000,-0.900000,0.000000
0.160000,-0.890000,0.000000
0.160000,-0.880000,0.000000
0.160000,-0.870000,0.000000
0.160000,-0.860000,0.000000
0.160000,-0.850000,0.000000
0.160000,-0.840000,0.000000
0.160000,-0.830000,0.000000
0.160000,-0.820000,0.000000
0.160000,-0.810000,0.000000
0.160000,-0.800000,0.000000
0.160000,-0.790000,0.000000
0.160000,-0.780000,0.000000
0.160000,-0.770000,0.008122
0.160000,-0.760000,0.011788
0.160000,-0.750000,0.016092
0.160000,-0.740000,0.019942
0.160000,-0.730000,0.023375
0.160000,-0.720000,0.026424
0.160000,-0.710000,0.029111
0.160000,-0.700000,0.031460
0.160000,-0.690000,0.033494
0.160000,-0.680000,0.035223
0.160000,-0.670000,0.036686
0.160000,-0.660000,0.037852
0.160000,-0.650000,0.038796
0.160000,-0.640000,0.039512
0.160000,-0.630000,0.039976
0.160000,-0.620000,0.040262
0.160000,-0.610000,0.040423
0.160000,-0.600000,0.040441
0.160000,-0.590000,0.040293
0.160000,-0.580000,0.040087
0.160000,-0.570000,0.039752
0.160000,-0.560000,0.039358
0.160000,-0.550000,0.038959
0.160000,-0.540000,0.038468
0.160000,-0.530000,0.037957
0.160000,-0.520000,0.037428
0.160000,-0.510000,0.036882
0.160000,-0.500000,0.036325
0.160000,-0.490000,0.035763
0.160000,-0.480000,0.035200
0.160000,-0.470000,0.034602
0.160000,-0.460000,0.033971
0.160000,-0.450000,0.033310
0.160000,-0.440000,0.032570
0.160000,-0.430000,0.031848
0.160000,-0.420000,0.031112
0.160000,-0.410000,0.030303
0.160000,-0.400000,0.029487
0.160000,-0.390000,0.028748
0.160000,-0.380000,0.027973
0.160000,-0.370000,0.027243
0.160000,-0.360000,0.026570
0.160000,-0.350000,0.026021
0.160000,-0.340000,0.025549
0.160000,-0.330000,0.025119
0.160000,-0.320000,0.024823
0.160000,-0.310000,0.024618
0.160000,-0.300000,0.024510
0.160000,-0.290000,0.024501
0.160000,-0.280000,0.024594
0.160000,-0.270000,0.024789
0.160000,-0.260000,0.025084
0.160000,-0.250000,0.025476
0.160000,-0.240000,0.025955
0.160000,-0.230000,0.026514
0.160000,-0.220000,0.027143
0.160000,-0.210000,0.027832
0.160000,-0.200000,0.028578
0.160000,-0.190000,0.029357
0.160000,-0.180000,0.030150
0.160000,-0.170000,0.030990
0.160000,-0.160000,0.031848
0.160000,-0.150000,0.032707
0.160000,-0.140000,0.033588
0.160000,-0.130000,0.034473
0.160000,-0.120000,0.035346
0.160000,-0.110000,0.036222
0.160000,-0.100000,0.037080
0.160000,-0.090000,0.037930
0.160000,-0.080000,0.038753
0.160000,-0.070000,0.039554
0.160000,-0.060000,0.040320
0.160000,-0.050000,0.041048
0.160000,-0.040000,0.041737
0.160000,-0.030000,0.042372
0.160000,-0.020000,0.042951
0.160000,-0.010000,0.043474
0.160000,0.000000,0.043920
0.160000,0.010000,0.000000
0.160000,0.020000,0.000000
0.160000,0.030000,0.000000
0.160000,0.040000,0.000000
0.160000,0.050000,0.000000
0.160000,0.060000,0.000000
0.160000,0.070000,0.000000
0.160000,0.080000,0.000000
0.160000,0.090000,0.000000
0.160000,0.100000,0.000000
0.160000,0.110000,0.000000
0.160000,0.120000,0.000000
0.160000,0.130000,0.000000
0.160000,0.140000,0.000000
0.160000,0.150000,0.000000
0.160000,0.160000,0.000000
0.160000,0.170000,0.000000
0.160000,0.180000,0.000000
0.160000,0.190000,0.000000
0.160000,0.200000,0.000000
0.160000,0.210000,0.000000
0.160000,0.220000,0.000000
0.160000,0.230000,0.000000
0.160000,0.240000,0.000000
0.160000,0.250000,0.000000
0.160000,0.260000,0.000000
0.160000,0.270000,0.000000
0.160000,0.280000,0.000000
0.160000,0.290000,0.000000
0.160000,0.300000,0.000000
0.160000,0.310000,0.000000
0.160000,0.320000,0.000000
0.160000,0.330000,0.000000
0.160000,0.340000,0.000000
0.160000,0.350000,0.000000
0.160000,0.360000,0.000000
0.160000,0.370000,0.000000
0.160000,0.380000,0.000000
0.160000,0.390000,0.000000
0.160000,0.400000,0.000000
0.160000,0.410000,0.000000
0.160000,0.420000,0.000000
0.160000,0.430000,0.000000
0.160000,0.440000,0.000000
0.160000,0.450000,0.000000
0.160000,0.460000,0.000000
0.170000,-1.030000,0.000000
0.170000,-1.020000,0.000000
0.170000,-1.010000,0.000000
0.170000,-1.000000,0.000000
0.170000,-0.990000,0.000000
0.170000,-0.980000,0.000000
0.170000,-0.970000,0.000000
0.170000,-0.960000,0.000000
0.170000,-0.950000,0.000000
0.170000,-0.940000,0.000000
0.170000,-0.930000,0.000000
0.170000,-0.920000,0.000000
0.170000,-0.910000,0.000000
0.170000,-0.900000,0.000000
0.170000,-0.890000,0.000000
0.170000,-0.880000,0.000000
0.170000,-0.870000,0.000000
0.170000,-0.860000,0.000000
0.170000,-0.850000,0.000000
0.170000,-0.840000,0.000000
0.170000,-0.830000,0.000000
0.170000,-0.820000,0.000000
0.170000,-0.810000,0.000000
0.170000,-0.800000,0.000000
0.170000,-0.790000,0.000000
0.170000,-0.780000,0.009725
0.170000,-0.770000,0.009161
0.170000,-0.760000,0.011703
0.170000,-0.750000,0.015920
0.170000,-0.740000,0.019812
0.170000,-0.730000,0.023292
0.170000,-0.720000,0.026380
0.170000,-0.710000,0.029113
0.170000,-0.700000,0.031501
0.170000,-0.690000,0.033571
0.170000,-0.680000,0.035339
0.170000,-0.670000,0.036831
0.170000,-0.660000,0.038033
0.170000,-0.650000,0.039019
0.170000,-0.640000,0.039782
0.170000,-0.630000,0.040309
0.170000,-0.620000,0.040683
0.170000,-0.610000,0.040854
0.170000,-0.600000,0.040918
0.170000,-0.590000,0.040815
0.170000,-0.580000,0.040648
0.170000,-0.570000,0.040348
0.170000,-0.560000,0.040022
0.170000,-0.550000,0.039594
0.170000,-0.540000,0.039121
0.170000,-0.530000,0.038658
0.170000,-0.520000,0.038125
0.170000,-0.510000,0.037572
0.170000,-0.500000,0.037006
0.170000,-0.490000,0.036442
0.170000,-0.480000,0.035846
0.170000,-0.470000,0.035213
0.170000,-0.460000,0.034554
0.170000,-0.450000,0.033868
0.170000,-0.440000,0.033159
0.170000,-0.430000,0.032432
0.170000,-0.420000,0.031627
0.170000,-0.410000,0.030868
0.170000,-0.400000,0.030050
0.170000,-0.390000,0.029248
0.170000,-0.380000,0.028534
0.170000,-0.370000,0.027797
0.170000,-0.360000,0.027123
0.170000,-0.350000,0.026569
0.170000,-0.340000,0.026092
0.170000,-0.330000,0.025655
0.170000,-0.320000,0.025351
0.170000,-0.310000,0.025146
0.170000,-0.300000,0.025042
0.170000,-0.290000,0.025044
0.170000,-0.280000,0.025154
0.170000,-0.270000,0.025373
0.170000,-0.260000,0.025697
0.170000,-0.250000,0.026119
0.170000,-0.240000,0.026632
0.170000,-0.230000,0.027223
0.170000,-0.220000,0.027883
0.170000,-0.210000,0.028601
0.170000,-0.200000,0.029339
0.170000,-0.190000,0.030143
0.170000,-0.180000,0.030984
0.170000,-0.170000,0.031841
0.170000,-0.160000,0.032695
0.170000,-0.150000,0.033580
0.170000,-0.140000,0.034470
0.170000,-0.130000,0.035347
0.170000,-0.120000,0.036233
0.170000,-0.110000,0.037100
0.170000,-0.100000,0.037964
0.170000,-0.090000,0.038801
0.170000,-0.080000,0.039616
0.170000,-0.070000,0.040408
0.170000,-0.060000,0.041161
0.170000,-0.050000,0.041876
0.170000,-0.040000,0.042552
0.170000,-0.030000,0.043164
0.170000,-0.020000,0.043722
0.170000,-0.010000,0.044219
0.170000,0.000000,0.044640
0.170000,0.010000,0.044978
0.170000,0.020000,0.000000
0.170000,0.030000,0.000000
0.170000,0.040000,0.000000
0.170000,0.050000,0.000000
0.170000,0.060000,0.000000
0.170000,0.070000,0.000000
0.170000,0.080000,0.000000
0.170000,0.090000,0.000000
0.170000,0.100000,0.000000
0.170000,0.110000,0.000000
0.170000,0.120000,0.000000
0.170000,0.130000,0.000000
0.170000,0.140000,0.000000
0.170000,0.150000,0.000000
0.170000,0.160000,0.000000
0.170000,0.170000,0.000000
0.170000,0.180000,0.000000
0.170000,0.190000,0.000000
0.170000,0.200000,0.000000
0.170000,0.210000,0.000000
0.170000,0.220000,0.000000
0.170000,0.230000,0.000000
0.170000,0.240000,0.000000
0.170000,0.250000,0.000000
0.170000,0.260000,0.000000
0.170000,0.270000,0.000000
0.170000,0.280000,0.000000
0.170000,0.290000,0.000000
0.170000,0.300000,0.000000
0.170000,0.310000,0.000000
0.170000,0.320000,0.000000
0.170000,0.330000,0.000000
0.170000,0.340000,0.000000
0.170000,0.350000,0.000000
0.170000,0.360000,0.000000
0.170000,0.370000,0.000000
0.170000,0.380000,0.000000
0.170000,0.390000,0.000000
0.170000,0.400000,0.000000
0.170000,0.410000,0.000000
0.170000,0.420000,0.000000
0.170000,0.430000,0.000000
0.170000,0.440000,0.000000
0.170000,0.450000,0.000000
0.170000,0.460000,0.000000
0.180000,-1.030000,0.000000
0.180000,-1.020000,0.000000
0.180000,-1.010000,0.000000
0.180000,-1.000000,0.000000
0.180000,-0.990000,0.000000
0.180000,-0.980000,0.000000
0.180000,-0.970000,0.000000
0.180000,-0.960000,0.000000
0.180000,-0.950000,0.000000
0.180000,-0.940000,0.000000
0.180000,-0.930000,0.000000
0.180000,-0.920000,0.000000
0.180000,-0.910000,0.000000
0.180000,-0.900000,0.000000
0.180000,-0.890000,0.000000
0.180000,-0.880000,0.000000
0.180000,-0.870000,0.000000
0.180000,-0.860000,0.000000
0.180000,-0.850000,0.000000
0.180000,-0.840000,0.000000
0.180000,-0.830000,0.000000
0.180000,-0.820000,0.000000
0.180000,-0.810000,0.000000
0.180000,-0.800000,0.000000
0.180000,-0.790000,0.000000
0.180000,-0.780000,0.010792
0.180000,-0.770000,0.010408
0.180000,-0.760000,0.011816
0.180000,-0.750000,0.015709
0.180000,-0.740000,0.019594
0.180000,-0.730000,0.023113
0.180000,-0.720000,0.026249
0.180000,-0.710000,0.029022
0.180000,-0.700000,0.031453
0.180000,-0.690000,0.033565
0.180000,-0.680000,0.035388
0.180000,-0.670000,0.036923
0.180000,-0.660000,0.038179
0.180000,-0.650000,0.039212
0.180000,-0.640000,0.040025
0.180000,-0.630000,0.040603
0.180000,-0.620000,0.041017
0.180000,-0.610000,0.041283
0.180000,-0.600000,0.041355
0.180000,-0.590000,0.041333
0.180000,-0.580000,0.041167
0.180000,-0.570000,0.040941
0.180000,-0.560000,0.040604
0.180000,-0.550000,0.040242
0.180000,-0.540000,0.039790
0.180000,-0.530000,0.039296
0.180000,-0.520000,0.038771
0.180000,-0.510000,0.038249
0.180000,-0.500000,0.037680
0.180000,-0.490000,0.037102
0.180000,-0.480000,0.036493
0.180000,-0.470000,0.035854
0.180000,-0.460000,0.035153
0.180000,-0.450000,0.034449
0.180000,-0.440000,0.033723
0.180000,-0.430000,0.032974
0.180000,-0.420000,0.032225
0.180000,-0.410000,0.031401
0.180000,-0.400000,0.030648
0.180000,-0.390000,0.029842
0.180000,-0.380000,0.029068
0.180000,-0.370000,0.028391
0.180000,-0.360000,0.027716
0.180000,-0.350000,0.027162
0.180000,-0.340000,0.026685
0.180000,-0.330000,0.026244
0.180000,-0.320000,0.025946
0.180000,-0.310000,0.025750
0.180000,-0.300000,0.025661
0.180000,-0.290000,0.025684
0.180000,-0.280000,0.025821
0.180000,-0.270000,0.026072
0.180000,-0.260000,0.026430
0.180000,-0.250000,0.026889
0.180000,-0.240000,0.027436
0.180000,-0.230000,0.028061
0.180000,-0.220000,0.028718
0.180000,-0.210000,0.029463
0.180000,-0.200000,0.030252
0.180000,-0.190000,0.031076
0.180000,-0.180000,0.031892
0.180000,-0.170000,0.032781
0.180000,-0.160000,0.033666
0.180000,-0.150000,0.034540
0.180000,-0.140000,0.035436
0.180000,-0.130000,0.036330
0.180000,-0.120000,0.037201
0.180000,-0.110000,0.038077
0.180000,-0.100000,0.038923
0.180000,-0.090000,0.039751
0.180000,-0.080000,0.040563
0.180000,-0.070000,0.041336
0.180000,-0.060000,0.042080
0.180000,-0.050000,0.042780
0.180000,-0.040000,0.043427
0.180000,-0.030000,0.044018
0.180000,-0.020000,0.044551
0.180000,-0.010000,0.045024
0.180000,0.000000,0.045408
0.180000,0.010000,0.045725
0.180000,0.020000,0.045949
0.180000,0.030000,0.000000
0.180000,0.040000,0.000000
0.180000,0.050000,0.000000
0.180000,0.060000,0.000000
0.180000,0.070000,0.000000
0.180000,0.080000,0.000000
0.180000,0.090000,0.000000
0.180000,0.100000,0.000000
0.180000,0.110000,0.000000
0.180000,0.120000,0.000000
0.180000,0.130000,0.000000
0.180000,0.140000,0.000000
0.180000,0.150000,0.000000
0.180000,0.160000,0.000000
0.180000,0.170000,0.000000
0.180000,0.180000,0.000000
0.180000,0.190000,0.000000
0.180000,0.200000,0.000000
0.180000,0.210000,0.000000
0.180000,0.220000,0.000000
0.180000,0.230000,0.000000
0.180000,0.240000,0.000000
0.180000,0.250000,0.000000
0.180000,0.260000,0.000000
0.180000,0.270000,0.000000
0.180000,0.280000,0.000000
0.180000,0.290000,0.000000
0.180000,0.300000,0.000000
0.180000,0.310000,0.000000
0.180000,0.320000,0.000000
0.180000,0.330000,0.000000
0.180000,0.340000,0.000000
0.180000,0.350000,0.000000
0.180000,0.360000,0.000000
0.180000,0.370000,0.000000
0.180000,0.380000,0.000000
0.180000,0.390000,0.000000
0.180000,0.400000,0.000000
0.180000,0.410000,0.000000
0.180000,0.420000,0.000000
0.180000,0.430000,0.000000
0.180000,0.440000,0.000000
0.180000,0.450000,0.000000
0.180000,0.460000,0.000000
0.190000,-1.030000,0.000000
0.190000,-1.020000,0.000000
0.190000,-1.010000,0.000000
0.190000,-1.000000,0.000000
0.190000,-0.990000,0.000000
0.190000,-0.980000,0.000000
0.190000,-0.970000,0.000000
0.190000,-0.960000,0.000000
0.190000,-0.950000,0.000000
0.190000,-0.940000,0.000000
0.190000,-0.930000,0.000000
0.190000,-0.920000,0.000000
0.190000,-0.910000,0.000000
0.190000,-0.900000,0.000000
0.190000,-0.890000,0.000000
0.190000,-0.880000,0.000000
0.190000,-0.870000,0.000000
0.190000,-0.860000,0.000000
0.190000,-0.850000,0.000000
0.190000,-0.840000,0.000000
0.190000,-0.830000,0.000000
0.190000,-0.820000,0.000000
0.190000,-0.810000,0.000000
0.190000,-0.800000,0.000000
0.190000,-0.790000,0.000000
0.190000,-0.780000,0.011850
0.190000,-0.770000,0.011725
0.190000,-0.760000,0.012320
0.190000,-0.750000,0.015544
0.190000,-0.740000,0.019314
0.190000,-0.730000,0.022853
0.190000,-0.720000,0.026032
0.190000,-0.710000,0.028853
0.190000,-0.700000,0.031334
0.190000,-0.690000,0.033495
0.190000,-0.680000,0.035357
0.190000,-0.670000,0.036941
0.190000,-0.660000,0.038261
0.190000,-0.650000,0.039325
0.190000,-0.640000,0.040187
0.190000,-0.630000,0.040846
0.190000,-0.620000,0.041304
0.190000,-0.610000,0.041611
0.190000,-0.600000,0.041768
0.190000,-0.590000,0.041757
0.190000,-0.580000,0.041672
0.190000,-0.570000,0.041455
0.190000,-0.560000,0.041189
0.190000,-0.550000,0.040818
0.190000,-0.540000,0.040423
0.190000,-0.530000,0.039945
0.190000,-0.520000,0.039433
0.190000,-0.510000,0.038911
0.190000,-0.500000,0.038352
0.190000,-0.490000,0.037757
0.190000,-0.480000,0.037131
0.190000,-0.470000,0.036474
0.190000,-0.460000,0.035789
0.190000,-0.450000,0.035081
0.190000,-0.440000,0.034347
0.190000,-0.430000,0.033543
0.190000,-0.420000,0.032785
0.190000,-0.410000,0.032026
0.190000,-0.400000,0.031206
0.190000,-0.390000,0.030469
0.190000,-0.380000,0.029691
0.190000,-0.370000,0.028967
0.190000,-0.360000,0.028352
0.190000,-0.350000,0.027805
0.190000,-0.340000,0.027284
0.190000,-0.330000,0.026902
0.190000,-0.320000,0.026620
0.190000,-0.310000,0.026444
0.190000,-0.300000,0.026382
0.190000,-0.290000,0.026437
0.190000,-0.280000,0.026611
0.190000,-0.270000,0.026901
0.190000,-0.260000,0.027299
0.190000,-0.250000,0.027753
0.190000,-0.240000,0.028337
0.190000,-0.230000,0.028994
0.190000,-0.220000,0.029713
0.190000,-0.210000,0.030482
0.190000,-0.200000,0.031291
0.190000,-0.190000,0.032101
0.190000,-0.180000,0.032965
0.190000,-0.170000,0.033854
0.190000,-0.160000,0.034721
0.190000,-0.150000,0.035614
0.190000,-0.140000,0.036492
0.190000,-0.130000,0.037385
0.190000,-0.120000,0.038252
0.190000,-0.110000,0.039130
0.190000,-0.100000,0.039967
0.190000,-0.090000,0.040794
0.190000,-0.080000,0.041578
0.190000,-0.070000,0.042340
0.190000,-0.060000,0.043064
0.190000,-0.050000,0.043738
0.190000,-0.040000,0.044363
0.190000,-0.030000,0.044929
0.190000,-0.020000,0.045435
0.190000,-0.010000,0.045880
0.190000,0.000000,0.046234
0.190000,0.010000,0.046507
0.190000,0.020000,0.046696
0.190000,0.030000,0.046788
0.190000,0.040000,0.000000
0.190000,0.050000,0.000000
0.190000,0.060000,0.000000
0.190000,0.070000,0.000000
0.190000,0.080000,0.000000
0.190000,0.090000,0.000000
0.190000,0.100000,0.000000
0.190000,0.110000,0.000000
0.190000,0.120000,0.000000
0.190000,0.130000,0.000000
0.190000,0.140000,0.000000
0.190000,0.150000,0.000000
0.190000,0.160000,0.000000
0.190000,0.170000,0.000000
0.190000,0.180000,0.000000
0.190000,0.190000,0.000000
0.190000,0.200000,0.000000
0.190000,0.210000,0.000000
0.190000,0.220000,0.000000
0.190000,0.230000,0.000000
0.190000,0.240000,0.000000
0.190000,0.250000,0.000000
0.190000,0.260000,0.000000
0.190000,0.270000,0.000000
0.190000,0.280000,0.000000
0.190000,0.290000,0.000000
0.190000,0.300000,0.000000
0.190000,0.310000,0.000000
0.190000,0.320000,0.000000
0.190000,0.330000,0.000000
0.190000,0.340000,0.000000
0.190000,0.350000,0.000000
0.190000,0.360000,0.000000
0.190000,0.370000,0.000000
0.190000,0.380000,0.000000
0.190000,0.390000,0.000000
0.190000,0.400000,0.000000
0.190000,0.410000,0.000000
0.190000,0.420000,0.000000
0.190000,0.430000,0.000000
0.190000,0.440000,0.000000
0.190000,0.450000,0.000000
0.190000,0.460000,0.000000
0.200000,-1.030000,0.000000
0.200000,-1.020000,0.000000
0.200000,-1.010000,0.000000
0.200000,-1.000000,0.000000
0.200000,-0.990000,0.000000
0.200000,-0.980000,0.000000
0.200000,-0.970000,0.000000
0.200000,-0.960000,0.000000
0.200000,-0.950000,0.000000
0.200000,-0.940000,0.000000
0.200000,-0.930000,0.000000
0.200000,-0.920000,0.000000
0.200000,-0.910000,0.000000
0.200000,-0.900000,0.000000
0.200000,-0.890000,0.000000
0.200000,-0.880000,0.000000
0.200000,-0.870000,0.000000
0.200000,-0.860000,0.000000
0.200000,-0.850000,0.000000
0.200000,-0.840000,0.000000
0.200000,-0.830000,0.000000
0.200000,-0.820000,0.000000
0.200000,-0.810000,0.000000
0.200000,-0.800000,0.000000
0.200000,-0.790000,0.000000
0.200000,-0.780000,0.012908
0.200000,-0.770000,0.013047
0.200000,-0.760000,0.013244
0.200000,-0.750000,0.015560
0.200000,-0.740000,0.019045
0.200000,-0.730000,0.022527
0.200000,-0.720000,0.025739
0.200000,-0.710000,0.028606
0.200000,-0.700000,0.031139
0.200000,-0.690000,0.033355
0.200000,-0.680000,0.035265
0.200000,-0.670000,0.036901
0.200000,-0.660000,0.038279
0.200000,-0.650000,0.039424
0.200000,-0.640000,0.040341
0.200000,-0.630000,0.041033
0.200000,-0.620000,0.041561
0.200000,-0.610000,0.041910
0.200000,-0.600000,0.042094
0.200000,-0.590000,0.042170
0.200000,-0.580000,0.042100
0.200000,-0.570000,0.041956
0.200000,-0.560000,0.041723
0.200000,-0.550000,0.041389
0.200000,-0.540000,0.041013
0.200000,-0.530000,0.040561
0.200000,-0.520000,0.040069
0.200000,-0.510000,0.039552
0.200000,-0.500000,0.038996
0.200000,-0.490000,0.038402
0.200000,-0.480000,0.037775
0.200000,-0.470000,0.037118
0.200000,-0.460000,0.036399
0.200000,-0.450000,0.035637
0.200000,-0.440000,0.034932
0.200000,-0.430000,0.034183
0.200000,-0.420000,0.033431
0.200000,-0.410000,0.032607
0.200000,-0.400000,0.031858
0.200000,-0.390000,0.031057
0.200000,-0.380000,0.030357
0.200000,-0.370000,0.029640
0.200000,-0.360000,0.029039
0.200000,-0.350000,0.028508
0.200000,-0.340000,0.028001
0.200000,-0.330000,0.027641
0.200000,-0.320000,0.027387
0.200000,-0.310000,0.027245
0.200000,-0.300000,0.027221
0.200000,-0.290000,0.027319
0.200000,-0.280000,0.027486
0.200000,-0.270000,0.027820
0.200000,-0.260000,0.028261
0.200000,-0.250000,0.028796
0.200000,-0.240000,0.029413
0.200000,-0.230000,0.030100
0.200000,-0.220000,0.030843
0.200000,-0.210000,0.031594
0.200000,-0.200000,0.032419
0.200000,-0.190000,0.033272
0.200000,-0.180000,0.034115
0.200000,-0.170000,0.035004
0.200000,-0.160000,0.035899
0.200000,-0.150000,0.036772
0.200000,-0.140000,0.037667
0.200000,-0.130000,0.038534
0.200000,-0.120000,0.039409
0.200000,-0.110000,0.040260
0.200000,-0.100000,0.041098
0.200000,-0.090000,0.041896
0.200000,-0.080000,0.042665
0.200000,-0.070000,0.043404
0.200000,-0.060000,0.044107
0.200000,-0.050000,0.044756
0.200000,-0.040000,0.045358
0.200000,-0.030000,0.045894
0.200000,-0.020000,0.046370
0.200000,-0.010000,0.046782
0.200000,0.000000,0.047101
0.200000,0.010000,0.047347
0.200000,0.020000,0.047502
0.200000,0.030000,0.047556
0.200000,0.040000,0.000000
0.200000,0.050000,0.000000
0.200000,0.060000,0.000000
0.200000,0.070000,0.000000
0.200000,0.080000,0.000000
0.200000,0.090000,0.000000
0.200000,0.100000,0.000000
0.200000,0.110000,0.000000
0.200000,0.120000,0.000000
0.200000,0.130000,0.000000
0.200000,0.140000,0.000000
0.200000,0.150000,0.000000
0.200000,0.160000,0.000000
0.200000,0.170000,0.000000
0.200000,0.180000,0.000000
0.200000,0.190000,0.000000
0.200000,0.200000,0.000000
0.200000,0.210000,0.000000
0.200000,0.220000,0.000000
0.200000,0.230000,0.000000
0.200000,0.240000,0.000000
0.200000,0.250000,0.000000
0.200000,0.260000,0.000000
0.200000,0.270000,0.000000
0.200000,0.280000,0.000000
0.200000,0.290000,0.000000
0.200000,0.300000,0.000000
0.200000,0.310000,0.000000
0.200000,0.320000,0.000000
0.200000,0.330000,0.000000
0.200000,0.340000,0.000000
0.200000,0.350000,0.000000
0.200000,0.360000,0.000000
0.200000,0.370000,0.000000
0.200000,0.380000,0.000000
0.200000,0.390000,0.000000
0.200000,0.400000,0.000000
0.200000,0.410000,0.000000
0.200000,0.420000,0.000000
0.200000,0.430000,0.000000
0.200000,0.440000,0.000000
0.200000,0.450000,0.000000
0.200000,0.460000,0.000000
0.210000,-1.030000,0.000000
0.210000,-1.020000,0.000000
0.210000,-1.010000,0.000000
0.210000,-1.000000,0.000000
0.210000,-0.990000,0.000000
0.210000,-0.980000,0.000000
0.210000,-0.970000,0.000000
0.210000,-0.960000,0.000000
0.210000,-0.950000,0.000000
0.210000,-0.940000,0.000000
0.210000,-0.930000,0.000000
0.210000,-0.920000,0.000000
0.210000,-0.910000,0.000000
0.210000,-0.900000,0.000000
0.210000,-0.890000,0.000000
0.210000,-0.880000,0.000000
0.210000,-0.870000,0.000000
0.210000,-0.860000,0.000000
0.210000,-0.850000,0.000000
0.210000,-0.840000,0.000000
0.210000,-0.830000,0.000000
0.210000,-0.820000,0.000000
0.210000,-0.810000,0.000000
0.210000,-0.800000,0.000000
0.210000,-0.790000,0.000000
0.210000,-0.780000,0.013933
0.210000,-0.770000,0.014374
0.210000,-0.760000,0.014438
0.210000,-0.750000,0.015917
0.210000,-0.740000,0.018885
0.210000,-0.730000,0.022204
0.210000,-0.720000,0.025384
0.210000,-0.710000,0.028289
0.210000,-0.700000,0.030869
0.210000,-0.690000,0.033138
0.210000,-0.680000,0.035108
0.210000,-0.670000,0.036795
0.210000,-0.660000,0.038231
0.210000,-0.650000,0.039414
0.210000,-0.640000,0.040386
0.210000,-0.630000,0.041155
0.210000,-0.620000,0.041725
0.210000,-0.610000,0.042138
0.210000,-0.600000,0.042400
0.210000,-0.590000,0.042502
0.210000,-0.580000,0.042506
0.210000,-0.570000,0.042404
0.210000,-0.560000,0.042186
0.210000,-0.550000,0.041913
0.210000,-0.540000,0.041547
0.210000,-0.530000,0.041138
0.210000,-0.520000,0.040674
0.210000,-0.510000,0.040169
0.210000,-0.500000,0.039621
0.210000,-0.490000,0.039010
0.210000,-0.480000,0.038379
0.210000,-0.470000,0.037717
0.210000,-0.460000,0.037035
0.210000,-0.450000,0.036324
0.210000,-0.440000,0.035583
0.210000,-0.430000,0.034778
0.210000,-0.420000,0.034025
0.210000,-0.410000,0.033276
0.210000,-0.400000,0.032472
0.210000,-0.390000,0.031750
0.210000,-0.380000,0.031002
0.210000,-0.370000,0.030364
0.210000,-0.360000,0.029786
0.210000,-0.350000,0.029221
0.210000,-0.340000,0.028800
0.210000,-0.330000,0.028476
0.210000,-0.320000,0.028264
0.210000,-0.310000,0.028168
0.210000,-0.300000,0.028137
0.210000,-0.290000,0.028285
0.210000,-0.280000,0.028553
0.210000,-0.270000,0.028933
0.210000,-0.260000,0.029415
0.210000,-0.250000,0.029986
0.210000,-0.240000,0.030634
0.210000,-0.230000,0.031300
0.210000,-0.220000,0.032062
0.210000,-0.210000,0.032865
0.210000,-0.200000,0.033701
0.210000,-0.190000,0.034525
0.210000,-0.180000,0.035405
0.210000,-0.170000,0.036263
0.210000,-0.160000,0.037155
0.210000,-0.150000,0.038048
0.210000,-0.140000,0.038911
0.210000,-0.130000,0.039789
0.210000,-0.120000,0.040632
0.210000,-0.110000,0.041477
0.210000,-0.100000,0.042288
0.210000,-0.090000,0.043067
0.210000,-0.080000,0.043827
0.210000,-0.070000,0.044534
0.210000,-0.060000,0.045202
0.210000,-0.050000,0.045831
0.210000,-0.040000,0.046398
0.210000,-0.030000,0.046910
0.210000,-0.020000,0.047354
0.210000,-0.010000,0.047730
0.210000,0.000000,0.048021
0.210000,0.010000,0.048222
0.210000,0.020000,0.048332
0.210000,0.030000,0.048346
0.210000,0.040000,0.048254
0.210000,0.050000,0.000000
0.210000,0.060000,0.000000
0.210000,0.070000,0.000000
0.210000,0.080000,0.000000
0.210000,0.090000,0.000000
0.210000,0.100000,0.000000
0.210000,0.110000,0.000000
0.210000,0.120000,0.000000
0.210000,0.130000,0.000000
0.210000,0.140000,0.000000
0.210000,0.150000,0.000000
0.210000,0.160000,0.000000
0.210000,0.170000,0.000000
0.210000,0.180000,0.000000
0.210000,0.190000,0.000000
0.210000,0.200000,0.000000
0.210000,0.210000,0.000000
0.210000,0.220000,0.000000
0.210000,0.230000,0.000000
0.210000,0.240000,0.000000
0.210000,0.250000,0.000000
0.210000,0.260000,0.000000
0.210000,0.270000,0.000000
0.210000,0.280000,0.000000
0.210000,0.290000,0.000000
0.210000,0.300000,0.000000
0.210000,0.310000,0.000000
0.210000,0.320000,0.000000
0.210000,0.330000,0.000000
0.210000,0.340000,0.000000
0.210000,0.350000,0.000000
0.210000,0.360000,0.000000
0.210000,0.370000,0.000000
0.210000,0.380000,0.000000
0.210000,0.390000,0.000000
0.210000,0.400000,0.000000
0.210000,0.410000,0.000000
0.210000,0.420000,0.000000
0.210000,0.430000,0.000000
0.210000,0.440000,0.000000
0.210000,0.450000,0.000000
0.210000,0.460000,0.000000
0.220000,-1.030000,0.000000
0.220000,-1.020000,0.000000
0.220000,-1.010000,0.000000
0.220000,-1.000000,0.000000
0.220000,-0.990000,0.000000
0.220000,-0.980000,0.000000
0.220000,-0.970000,0.000000
0.220000,-0.960000,0.000000
0.220000,-0.950000,0.000000
0.220000,-0.940000,0.000000
0.220000,-0.930000,0.000000
0.220000,-0.920000,0.000000
0.220000,-0.910000,0.000000
0.220000,-0.900000,0.000000
0.220000,-0.890000,0.000000
0.220000,-0.880000,0.000000
0.220000,-0.870000,0.000000
0.220000,-0.860000,0.000000
0.220000,-0.850000,0.000000
0.220000,-0.840000,0.000000
0.220000,-0.830000,0.000000
0.220000,-0.820000,0.000000
0.220000,-0.810000,0.000000
0.220000,-0.800000,0.000000
0.220000,-0.790000,0.000000
0.220000,-0.780000,0.014913
0.220000,-0.770000,0.015664
0.220000,-0.760000,0.015825
0.220000,-0.750000,0.016657
0.220000,-0.740000,0.018961
0.220000,-0.730000,0.021960
0.220000,-0.720000,0.025036
0.220000,-0.710000,0.027917
0.220000,-0.700000,0.030528
0.220000,-0.690000,0.032848
0.220000,-0.680000,0.034873
0.220000,-0.670000,0.036623
0.220000,-0.660000,0.038116
0.220000,-0.650000,0.039369
0.220000,-0.640000,0.040402
0.220000,-0.630000,0.041221
0.220000,-0.620000,0.041861
0.220000,-0.610000,0.042330
0.220000,-0.600000,0.042645
0.220000,-0.590000,0.042805
0.220000,-0.580000,0.042856
0.220000,-0.570000,0.042781
0.220000,-0.560000,0.042625
0.220000,-0.550000,0.042383
0.220000,-0.540000,0.042059
0.220000,-0.530000,0.041679
0.220000,-0.520000,0.041239
0.220000,-0.510000,0.040739
0.220000,-0.500000,0.040198
0.220000,-0.490000,0.039615
0.220000,-0.480000,0.038995
0.220000,-0.470000,0.038344
0.220000,-0.460000,0.037671
0.220000,-0.450000,0.036917
0.220000,-0.440000,0.036192
0.220000,-0.430000,0.035444
0.220000,-0.420000,0.034706
0.220000,-0.410000,0.033905
0.220000,-0.400000,0.033182
0.220000,-0.390000,0.032493
0.220000,-0.380000,0.031757
0.220000,-0.370000,0.031147
0.220000,-0.360000,0.030543
0.220000,-0.350000,0.030074
0.220000,-0.340000,0.029698
0.220000,-0.330000,0.029425
0.220000,-0.320000,0.029206
0.220000,-0.310000,0.029165
0.220000,-0.300000,0.029247
0.220000,-0.290000,0.029451
0.220000,-0.280000,0.029771
0.220000,-0.270000,0.030198
0.220000,-0.260000,0.030668
0.220000,-0.250000,0.031271
0.220000,-0.240000,0.031943
0.220000,-0.230000,0.032672
0.220000,-0.220000,0.033448
0.220000,-0.210000,0.034220
0.220000,-0.200000,0.035060
0.220000,-0.190000,0.035921
0.220000,-0.180000,0.036762
0.220000,-0.170000,0.037647
0.220000,-0.160000,0.038505
0.220000,-0.150000,0.039388
0.220000,-0.140000,0.040264
0.220000,-0.130000,0.041103
0.220000,-0.120000,0.041930
0.220000,-0.110000,0.042757
0.220000,-0.100000,0.043549
0.220000,-0.090000,0.044319
0.220000,-0.080000,0.045036
0.220000,-0.070000,0.045731
0.220000,-0.060000,0.046368
0.220000,-0.050000,0.046957
0.220000,-0.040000,0.047497
0.220000,-0.030000,0.047972
0.220000,-0.020000,0.048377
0.220000,-0.010000,0.048706
0.220000,0.000000,0.048956
0.220000,0.010000,0.049129
0.220000,0.020000,0.049201
0.220000,0.030000,0.049174
0.220000,0.040000,0.049023
0.220000,0.050000,0.000000
0.220000,0.060000,0.000000
0.220000,0.070000,0.000000
0.220000,0.080000,0.000000
0.220000,0.090000,0.000000
0.220000,0.100000,0.000000
0.220000,0.110000,0.000000
0.220000,0.120000,0.000000
0.220000,0.130000,0.000000
0.220000,0.140000,0.000000
0.220000,0.150000,0.000000
0.220000,0.160000,0.000000
0.220000,0.170000,0.000000
0.220000,0.180000,0.000000
0.220000,0.190000,0.000000
0.220000,0.200000,0.000000
0.220000,0.210000,0.000000
0.220000,0.220000,0.000000
0.220000,0.230000,0.000000
0.220000,0.240000,0.000000
0.220000,0.250000,0.000000
0.220000,0.260000,0.000000
0.220000,0.270000,0.000000
0.220000,0.280000,0.000000
0.220000,0.290000,0.000000
0.220000,0.300000,0.000000
0.220000,0.310000,0.000000
0.220000,0.320000,0.000000
0.220000,0.330000,0.000000
0.220000,0.340000,0.000000
0.220000,0.350000,0.000000
0.220000,0.360000,0.000000
0.220000,0.370000,0.000000
0.220000,0.380000,0.000000
0.220000,0.390000,0.000000
0.220000,0.400000,0.000000
0.220000,0.410000,0.000000
0.220000,0.420000,0.000000
0.220000,0.430000,0.000000
0.220000,0.440000,0.000000
0.220000,0.450000,0.000000
0.220000,0.460000,0.000000
0.230000,-1.030000,0.000000
0.230000,-1.020000,0.000000
0.230000,-1.010000,0.000000
0.230000,-1.000000,0.000000
0.230000,-0.990000,0.000000
0.230000,-0.980000,0.000000
0.230000,-0.970000,0.000000
0.230000,-0.960000,0.000000
0.230000,-0.950000,0.000000
0.230000,-0.940000,0.000000
0.230000,-0.930000,0.000000
0.230000,-0.920000,0.000000
0.230000,-0.910000,0.000000
0.230000,-0.900000,0.000000
0.230000,-0.890000,0.000000
0.230000,-0.880000,0.000000
0.230000,-0.870000,0.000000
0.230000,-0.860000,0.000000
0.230000,-0.850000,0.000000
0.230000,-0.840000,0.000000
0.230000,-0.830000,0.000000
0.230000,-0.820000,0.000000
0.230000,-0.810000,0.000000
0.230000,-0.800000,0.000000
0.230000,-0.790000,0.000000
0.230000,-0.780000,0.015851
0.230000,-0.770000,0.016901
0.230000,-0.760000,0.017222
0.230000,-0.750000,0.017773
0.230000,-0.740000,0.019371
0.230000,-0.730000,0.021891
0.230000,-0.720000,0.024739
0.230000,-0.710000,0.027564
0.230000,-0.700000,0.030166
0.230000,-0.690000,0.032515
0.230000,-0.680000,0.034588
0.230000,-0.670000,0.036394
0.230000,-0.660000,0.037946
0.230000,-0.650000,0.039260
0.230000,-0.640000,0.040353
0.230000,-0.630000,0.041239
0.230000,-0.620000,0.041938
0.230000,-0.610000,0.042462
0.230000,-0.600000,0.042821
0.230000,-0.590000,0.043050
0.230000,-0.580000,0.043150
0.230000,-0.570000,0.043129
0.230000,-0.560000,0.043015
0.230000,-0.550000,0.042810
0.230000,-0.540000,0.042530
0.230000,-0.530000,0.042179
0.230000,-0.520000,0.041765
0.230000,-0.510000,0.041295
0.230000,-0.500000,0.040776
0.230000,-0.490000,0.040204
0.230000,-0.480000,0.039561
0.230000,-0.470000,0.038918
0.230000,-0.460000,0.038247
0.230000,-0.450000,0.037561
0.230000,-0.440000,0.036854
0.230000,-0.430000,0.036140
0.230000,-0.420000,0.035345
0.230000,-0.410000,0.034630
0.230000,-0.400000,0.033936
0.230000,-0.390000,0.033203
0.230000,-0.380000,0.032583
0.230000,-0.370000,0.032010
0.230000,-0.360000,0.031443
0.230000,-0.350000,0.031028
0.230000,-0.340000,0.030710
0.230000,-0.330000,0.030438
0.230000,-0.320000,0.030341
0.230000,-0.310000,0.030365
0.230000,-0.300000,0.030510
0.230000,-0.290000,0.030772
0.230000,-0.280000,0.031143
0.230000,-0.270000,0.031556
0.230000,-0.260000,0.032110
0.230000,-0.250000,0.032739
0.230000,-0.240000,0.033431
0.230000,-0.230000,0.034128
0.230000,-0.220000,0.034911
0.230000,-0.210000,0.035726
0.230000,-0.200000,0.036566
0.230000,-0.190000,0.037385
0.230000,-0.180000,0.038253
0.230000,-0.170000,0.039095
0.230000,-0.160000,0.039971
0.230000,-0.150000,0.040812
0.230000,-0.140000,0.041672
0.230000,-0.130000,0.042494
0.230000,-0.120000,0.043321
0.230000,-0.110000,0.044105
0.230000,-0.100000,0.044882
0.230000,-0.090000,0.045613
0.230000,-0.080000,0.046320
0.230000,-0.070000,0.046970
0.230000,-0.060000,0.047575
0.230000,-0.050000,0.048138
0.230000,-0.040000,0.048637
0.230000,-0.030000,0.049072
0.230000,-0.020000,0.049437
0.230000,-0.010000,0.049731
0.230000,0.000000,0.049943
0.230000,0.010000,0.050066
0.230000,0.020000,0.050089
0.230000,0.030000,0.050016
0.230000,0.040000,0.049830
0.230000,0.050000,0.049538
0.230000,0.060000,0.000000
0.230000,0.070000,0.000000
0.230000,0.080000,0.000000
0.230000,0.090000,0.000000
0.230000,0.100000,0.000000
0.230000,0.110000,0.000000
0.230000,0.120000,0.000000
0.230000,0.130000,0.000000
0.230000,0.140000,0.000000
0.230000,0.150000,0.000000
0.230000,0.160000,0.000000
0.230000,0.170000,0.000000
0.230000,0.180000,0.000000
0.230000,0.190000,0.000000
0.230000,0.200000,0.000000
0.230000,0.210000,0.000000
0.230000,0.220000,0.000000
0.230000,0.230000,0.000000
0.230000,0.240000,0.000000
0.230000,0.250000,0.000000
0.230000,0.260000,0.000000
0.230000,0.270000,0.000000
0.230000,0.280000,0.000000
0.230000,0.290000,0.000000
0.230000,0.300000,0.000000
0.230000,0.310000,0.000000
0.230000,0.320000,0.000000
0.230000,0.330000,0.000000
0.230000,0.340000,0.000000
0.230000,0.350000,0.000000
0.230000,0.360000,0.000000
0.230000,0.370000,0.000000
0.230000,0.380000,0.000000
0.230000,0.390000,0.000000
0.230000,0.400000,0.000000
0.230000,0.410000,0.000000
0.230000,0.420000,0.000000
0.230000,0.430000,0.000000
0.230000,0.440000,0.000000
0.230000,0.450000,0.000000
0.230000,0.460000,0.000000
0.240000,-1.030000,0.000000
0.240000,-1.020000,0.000000
0.240000,-1.010000,0.000000
0.240000,-1.000000,0.000000
0.240000,-0.990000,0.000000
0.240000,-0.980000,0.000000
0.240000,-0.970000,0.000000
0.240000,-0.960000,0.000000
0.240000,-0.950000,0.000000
0.240000,-0.940000,0.000000
0.240000,-0.930000,0.000000
0.240000,-0.920000,0.000000
0.240000,-0.910000,0.000000
0.240000,-0.900000,0.000000
0.240000,-0.890000,0.000000
0.240000,-0.880000,0.000000
0.240000,-0.870000,0.000000
0.240000,-0.860000,0.000000
0.240000,-0.850000,0.000000
0.240000,-0.840000,0.000000
0.240000,-0.830000,0.000000
0.240000,-0.820000,0.000000
0.240000,-0.810000,0.000000
0.240000,-0.800000,0.000000
0.240000,-0.790000,0.000000
0.240000,-0.780000,0.016716
0.240000,-0.770000,0.018075
0.240000,-0.760000,0.018650
0.240000,-0.750000,0.019082
0.240000,-0.740000,0.020189
0.240000,-0.730000,0.022129
0.240000,-0.720000,0.024602
0.240000,-0.710000,0.027263
0.240000,-0.700000,0.029826
0.240000,-0.690000,0.032175
0.240000,-0.680000,0.034262
0.240000,-0.670000,0.036114
0.240000,-0.660000,0.037726
0.240000,-0.650000,0.039102
0.240000,-0.640000,0.040251
0.240000,-0.630000,0.041196
0.240000,-0.620000,0.041954
0.240000,-0.610000,0.042535
0.240000,-0.600000,0.042960
0.240000,-0.590000,0.043240
0.240000,-0.580000,0.043392
0.240000,-0.570000,0.043427
0.240000,-0.560000,0.043357
0.240000,-0.550000,0.043194
0.240000,-0.540000,0.042947
0.240000,-0.530000,0.042645
0.240000,-0.520000,0.042237
0.240000,-0.510000,0.041789
0.240000,-0.500000,0.041290
0.240000,-0.490000,0.040745
0.240000,-0.480000,0.040160
0.240000,-0.470000,0.039529
0.240000,-0.460000,0.038881
0.240000,-0.450000,0.038212
0.240000,-0.440000,0.037476
0.240000,-0.430000,0.036781
0.240000,-0.420000,0.036089
0.240000,-0.410000,0.035411
0.240000,-0.400000,0.034673
0.240000,-0.390000,0.034048
0.240000,-0.380000,0.033473
0.240000,-0.370000,0.032898
0.240000,-0.360000,0.032458
0.240000,-0.350000,0.032100
0.240000,-0.340000,0.031790
0.240000,-0.330000,0.031649
0.240000,-0.320000,0.031625
0.240000,-0.310000,0.031718
0.240000,-0.300000,0.031928
0.240000,-0.290000,0.032188
0.240000,-0.280000,0.032603
0.240000,-0.270000,0.033107
0.240000,-0.260000,0.033690
0.240000,-0.250000,0.034339
0.240000,-0.240000,0.034994
0.240000,-0.230000,0.035742
0.240000,-0.220000,0.036528
0.240000,-0.210000,0.037300
0.240000,-0.200000,0.038133
0.240000,-0.190000,0.038981
0.240000,-0.180000,0.039802
0.240000,-0.170000,0.040662
0.240000,-0.160000,0.041488
0.240000,-0.150000,0.042339
0.240000,-0.140000,0.043152
0.240000,-0.130000,0.043983
0.240000,-0.120000,0.044761
0.240000,-0.110000,0.045540
0.240000,-0.100000,0.046268
0.240000,-0.090000,0.046983
0.240000,-0.080000,0.047640
0.240000,-0.070000,0.048257
0.240000,-0.060000,0.048838
0.240000,-0.050000,0.049353
0.240000,-0.040000,0.049813
0.240000,-0.030000,0.050213
0.240000,-0.020000,0.050531
0.240000,-0.010000,0.050786
0.240000,0.000000,0.050949
0.240000,0.010000,0.051024
0.240000,0.020000,0.051004
0.240000,0.030000,0.050879
0.240000,0.040000,0.050643
0.240000,0.050000,0.050300
0.240000,0.060000,0.000000
0.240000,0.070000,0.000000
0.240000,0.080000,0.000000
0.240000,0.090000,0.000000
0.240000,0.100000,0.000000
0.240000,0.110000,0.000000
0.240000,0.120000,0.000000
0.240000,0.130000,0.000000
0.240000,0.140000,0.000000
0.240000,0.150000,0.000000
0.240000,0.160000,0.000000
0.240000,0.170000,0.000000
0.240000,0.180000,0.000000
0.240000,0.190000,0.000000
0.240000,0.200000,0.000000
0.240000,0.210000,0.000000
0.240000,0.220000,0.000000
0.240000,0.230000,0.000000
0.240000,0.240000,0.000000
0.240000,0.250000,0.000000
0.240000,0.260000,0.000000
0.240000,0.270000,0.000000
0.240000,0.280000,0.000000
0.240000,0.290000,0.000000
0.240000,0.300000,0.000000
0.240000,0.310000,0.000000
0.240000,0.320000,0.000000
0.240000,0.330000,0.000000
0.240000,0.340000,0.000000
0.240000,0.350000,0.000000
0.240000,0.360000,0.000000
0.240000,0.370000,0.000000
0.240000,0.380000,0.000000
0.240000,0.390000,0.000000
0.240000,0.400000,0.000000
0.240000,0.410000,0.000000
0.240000,0.420000,0.000000
0.240000,0.430000,0.000000
0.240000,0.440000,0.000000
0.240000,0.450000,0.000000
0.240000,0.460000,0.000000
0.250000,-1.030000,0.000000
0.250000,-1.020000,0.000000
0.250000,-1.010000,0.000000
0.250000,-1.000000,0.000000
0.250000,-0.990000,0.000000
0.250000,-0.980000,0.000000
0.250000,-0.970000,0.000000
0.250000,-0.960000,0.000000
0.250000,-0.950000,0.000000
0.250000,-0.940000,0.000000
0.250000,-0.930000,0.000000
0.250000,-0.920000,0.000000
0.250000,-0.910000,0.000000
0.250000,-0.900000,0.000000
0.250000,-0.890000,0.000000
0.250000,-0.880000,0.000000
0.250000,-0.870000,0.000000
0.250000,-0.860000,0.000000
0.250000,-0.850000,0.000000
0.250000,-0.840000,0.000000
0.250000,-0.830000,0.000000
0.250000,-0.820000,0.000000
0.250000,-0.810000,0.000000
0.250000,-0.800000,0.000000
0.250000,-0.790000,0.000000
0.250000,-0.780000,0.017509
0.250000,-0.770000,0.019202
0.250000,-0.760000,0.020032
0.250000,-0.750000,0.020518
0.250000,-0.740000,0.021324
0.250000,-0.730000,0.022727
0.250000,-0.720000,0.024739
0.250000,-0.710000,0.027117
0.250000,-0.700000,0.029546
0.250000,-0.690000,0.031847
0.250000,-0.680000,0.033950
0.250000,-0.670000,0.035826
0.250000,-0.660000,0.037466
0.250000,-0.650000,0.038885
0.250000,-0.640000,0.040091
0.250000,-0.630000,0.041095
0.250000,-0.620000,0.041911
0.250000,-0.610000,0.042559
0.250000,-0.600000,0.043042
0.250000,-0.590000,0.043387
0.250000,-0.580000,0.043589
0.250000,-0.570000,0.043683
0.250000,-0.560000,0.043659
0.250000,-0.550000,0.043539
0.250000,-0.540000,0.043332
0.250000,-0.530000,0.043048
0.250000,-0.520000,0.042696
0.250000,-0.510000,0.042282
0.250000,-0.500000,0.041813
0.250000,-0.490000,0.041298
0.250000,-0.480000,0.040742
0.250000,-0.470000,0.040154
0.250000,-0.460000,0.039486
0.250000,-0.450000,0.039010
0.250000,-0.440000,0.038172
0.250000,-0.430000,0.037514
0.250000,-0.420000,0.036868
0.250000,-0.410000,0.036167
0.250000,-0.400000,0.035556
0.250000,-0.390000,0.034978
0.250000,-0.380000,0.034396
0.250000,-0.370000,0.033946
0.250000,-0.360000,0.033584
0.250000,-0.350000,0.033251
0.250000,-0.340000,0.033078
0.250000,-0.330000,0.033009
0.250000,-0.320000,0.033060
0.250000,-0.310000,0.033223
0.250000,-0.300000,0.033433
0.250000,-0.290000,0.033799
0.250000,-0.280000,0.034256
0.250000,-0.270000,0.034792
0.250000,-0.260000,0.035347
0.250000,-0.250000,0.036007
0.250000,-0.240000,0.036716
0.250000,-0.230000,0.037467
0.250000,-0.220000,0.038204
0.250000,-0.210000,0.039009
0.250000,-0.200000,0.039833
0.250000,-0.190000,0.040628
0.250000,-0.180000,0.041469
0.250000,-0.170000,0.042276
0.250000,-0.160000,0.043113
0.250000,-0.150000,0.043913
0.250000,-0.140000,0.044728
0.250000,-0.130000,0.045499
0.250000,-0.120000,0.046274
0.250000,-0.110000,0.047006
0.250000,-0.100000,0.047723
0.250000,-0.090000,0.048384
0.250000,-0.080000,0.049024
0.250000,-0.070000,0.049601
0.250000,-0.060000,0.050130
0.250000,-0.050000,0.050618
0.250000,-0.040000,0.051025
0.250000,-0.030000,0.051376
0.250000,-0.020000,0.051657
0.250000,-0.010000,0.051855
0.250000,0.000000,0.051967
0.250000,0.010000,0.051991
0.250000,0.020000,0.051920
0.250000,0.030000,0.051753
0.250000,0.040000,0.051473
0.250000,0.050000,0.000000
0.250000,0.060000,0.000000
0.250000,0.070000,0.000000
0.250000,0.080000,0.000000
0.250000,0.090000,0.000000
0.250000,0.100000,0.000000
0.250000,0.110000,0.000000
0.250000,0.120000,0.000000
0.250000,0.130000,0.000000
0.250000,0.140000,0.000000
0.250000,0.150000,0.000000
0.250000,0.160000,0.000000
0.250000,0.170000,0.000000
0.250000,0.180000,0.000000
0.250000,0.190000,0.000000
0.250000,0.200000,0.000000
0.250000,0.210000,0.000000
0.250000,0.220000,0.000000
0.250000,0.230000,0.000000
0.250000,0.240000,0.000000
0.250000,0.250000,0.000000
0.250000,0.260000,0.000000
0.250000,0.270000,0.000000
0.250000,0.280000,0.000000
0.250000,0.290000,0.000000
0.250000,0.300000,0.000000
0.250000,0.310000,0.000000
0.250000,0.320000,0.000000
0.250000,0.330000,0.000000
0.250000,0.340000,0.000000
0.250000,0.350000,0.000000
0.250000,0.360000,0.000000
0.250000,0.370000,0.000000
0.250000,0.380000,0.000000
0.250000,0.390000,0.000000
0.250000,0.400000,0.000000
0.250000,0.410000,0.000000
0.250000,0.420000,0.000000
0.250000,0.430000,0.000000
0.250000,0.440000,0.000000
0.250000,0.450000,0.000000
0.250000,0.460000,0.000000
0.260000,-1.030000,0.000000
0.260000,-1.020000,0.000000
0.260000,-1.010000,0.000000
0.260000,-1.000000,0.000000
0.260000,-0.990000,0.000000
0.260000,-0.980000,0.000000
0.260000,-0.970000,0.000000
0.260000,-0.960000,0.000000
0.260000,-0.950000,0.000000
0.260000,-0.940000,0.000000
0.260000,-0.930000,0.000000
0.260000,-0.920000,0.000000
0.260000,-0.910000,0.000000
0.260000,-0.900000,0.000000
0.260000,-0.890000,0.000000
0.260000,-0.880000,0.000000
0.260000,-0.870000,0.000000
0.260000,-0.860000,0.000000
0.260000,-0.850000,0.000000
0.260000,-0.840000,0.000000
0.260000,-0.830000,0.000000
0.260000,-0.820000,0.000000
0.260000,-0.810000,0.000000
0.260000,-0.800000,0.000000
0.260000,-0.790000,0.000000
0.260000,-0.780000,0.018176
0.260000,-0.770000,0.020214
0.260000,-0.760000,0.021312
0.260000,-0.750000,0.021975
0.260000,-0.740000,0.022656
0.260000,-0.730000,0.023709
0.260000,-0.720000,0.025237
0.260000,-0.710000,0.027174
0.260000,-0.700000,0.029374
0.260000,-0.690000,0.031562
0.260000,-0.680000,0.033626
0.260000,-0.670000,0.035542
0.260000,-0.660000,0.037204
0.260000,-0.650000,0.038662
0.260000,-0.640000,0.039914
0.260000,-0.630000,0.040970
0.260000,-0.620000,0.041841
0.260000,-0.610000,0.042556
0.260000,-0.600000,0.043094
0.260000,-0.590000,0.043486
0.260000,-0.580000,0.043745
0.260000,-0.570000,0.043882
0.260000,-0.560000,0.043931
0.260000,-0.550000,0.043859
0.260000,-0.540000,0.043699
0.260000,-0.530000,0.043516
0.260000,-0.520000,0.043139
0.260000,-0.510000,0.042762
0.260000,-0.500000,0.042332
0.260000,-0.490000,0.041810
0.260000,-0.480000,0.041285
0.260000,-0.470000,0.040726
0.260000,-0.460000,0.040142
0.260000,-0.450000,0.039540
0.260000,-0.440000,0.038930
0.260000,-0.430000,0.038248
0.260000,-0.420000,0.037639
0.260000,-0.410000,0.037060
0.260000,-0.400000,0.036514
0.260000,-0.390000,0.035951
0.260000,-0.380000,0.035507
0.260000,-0.370000,0.035127
0.260000,-0.360000,0.034845
0.260000,-0.350000,0.034594
0.260000,-0.340000,0.034509
0.260000,-0.330000,0.034528
0.260000,-0.320000,0.034653
0.260000,-0.310000,0.034822
0.260000,-0.300000,0.035137
0.260000,-0.290000,0.035547
0.260000,-0.280000,0.036037
0.260000,-0.270000,0.036546
0.260000,-0.260000,0.037163
0.260000,-0.250000,0.037831
0.260000,-0.240000,0.038543
0.260000,-0.230000,0.039243
0.260000,-0.220000,0.040016
0.260000,-0.210000,0.040809
0.260000,-0.200000,0.041575
0.260000,-0.190000,0.042392
0.260000,-0.180000,0.043176
0.260000,-0.170000,0.043995
0.260000,-0.160000,0.044777
0.260000,-0.150000,0.045579
0.260000,-0.140000,0.046338
0.260000,-0.130000,0.047106
0.260000,-0.120000,0.047825
0.260000,-0.110000,0.048539
0.260000,-0.100000,0.049199
0.260000,-0.090000,0.049849
0.260000,-0.080000,0.050431
0.260000,-0.070000,0.050966
0.260000,-0.060000,0.051465
0.260000,-0.050000,0.051894
0.260000,-0.040000,0.052271
0.260000,-0.030000,0.052573
0.260000,-0.020000,0.052797
0.260000,-0.010000,0.052950
0.260000,0.000000,0.053011
0.260000,0.010000,0.052986
0.260000,0.020000,0.052865
0.260000,0.030000,0.052635
0.260000,0.040000,0.000000
0.260000,0.050000,0.000000
0.260000,0.060000,0.000000
0.260000,0.070000,0.000000
0.260000,0.080000,0.000000
0.260000,0.090000,0.000000
0.260000,0.100000,0.000000
0.260000,0.110000,0.000000
0.260000,0.120000,0.000000
0.260000,0.130000,0.000000
0.260000,0.140000,0.000000
0.260000,0.150000,0.000000
0.260000,0.160000,0.000000
0.260000,0.170000,0.000000
0.260000,0.180000,0.000000
0.260000,0.190000,0.000000
0.260000,0.200000,0.000000
0.260000,0.210000,0.000000
0.260000,0.220000,0.000000
0.260000,0.230000,0.000000
0.260000,0.240000,0.000000
0.260000,0.250000,0.000000
0.260000,0.260000,0.000000
0.260000,0.270000,0.000000
0.260000,0.280000,0.000000
0.260000,0.290000,0.000000
0.260000,0.300000,0.000000
0.260000,0.310000,0.000000
0.260000,0.320000,0.000000
0.260000,0.330000,0.000000
0.260000,0.340000,0.000000
0.260000,0.350000,0.000000
0.260000,0.360000,0.000000
0.260000,0.370000,0.000000
0.260000,0.380000,0.000000
0.260000,0.390000,0.000000
0.260000,0.400000,0.000000
0.260000,0.410000,0.000000
0.260000,0.420000,0.000000
0.260000,0.430000,0.000000
0.260000,0.440000,0.000000
0.260000,0.450000,0.000000
0.260000,0.460000,0.000000
0.270000,-1.030000,0.000000
0.270000,-1.020000,0.000000
0.270000,-1.010000,0.000000
0.270000,-1.000000,0.000000
0.270000,-0.990000,0.000000
0.270000,-0.980000,0.000000
0.270000,-0.970000,0.000000
0.270000,-0.960000,0.000000
0.270000,-0.950000,0.000000
0.270000,-0.940000,0.000000
0.270000,-0.930000,0.000000
0.270000,-0.920000,0.000000
0.270000,-0.910000,0.000000
0.270000,-0.900000,0.000000
0.270000,-0.890000,0.000000
0.270000,-0.880000,0.000000
0.270000,-0.870000,0.000000
0.270000,-0.860000,0.000000
0.270000,-0.850000,0.000000
0.270000,-0.840000,0.000000
0.270000,-0.830000,0.000000
0.270000,-0.820000,0.000000
0.270000,-0.810000,0.000000
0.270000,-0.800000,0.000000
0.270000,-0.790000,0.000000
0.270000,-0.780000,0.018727
0.270000,-0.770000,0.021152
0.270000,-0.760000,0.022548
0.270000,-0.750000,0.023404
0.270000,-0.740000,0.024087
0.270000,-0.730000,0.024922
0.270000,-0.720000,0.026052
0.270000,-0.710000,0.027623
0.270000,-0.700000,0.029440
0.270000,-0.690000,0.031485
0.270000,-0.680000,0.033439
0.270000,-0.670000,0.035273
0.270000,-0.660000,0.036936
0.270000,-0.650000,0.038418
0.270000,-0.640000,0.039739
0.270000,-0.630000,0.040836
0.270000,-0.620000,0.041756
0.270000,-0.610000,0.042507
0.270000,-0.600000,0.043127
0.270000,-0.590000,0.043571
0.270000,-0.580000,0.043882
0.270000,-0.570000,0.044071
0.270000,-0.560000,0.044148
0.270000,-0.550000,0.044125
0.270000,-0.540000,0.044010
0.270000,-0.530000,0.043813
0.270000,-0.520000,0.043544
0.270000,-0.510000,0.043210
0.270000,-0.500000,0.042819
0.270000,-0.490000,0.042367
0.270000,-0.480000,0.041886
0.270000,-0.470000,0.041375
0.270000,-0.460000,0.040838
0.270000,-0.450000,0.040288
0.270000,-0.440000,0.039674
0.270000,-0.430000,0.039116
0.270000,-0.420000,0.038575
0.270000,-0.410000,0.038051
0.270000,-0.400000,0.037514
0.270000,-0.390000,0.037094
0.270000,-0.380000,0.036737
0.270000,-0.370000,0.036458
0.270000,-0.360000,0.036206
0.270000,-0.350000,0.036103
0.270000,-0.340000,0.036089
0.270000,-0.330000,0.036186
0.270000,-0.320000,0.036323
0.270000,-0.310000,0.036608
0.270000,-0.300000,0.036976
0.270000,-0.290000,0.037423
0.270000,-0.280000,0.037888
0.270000,-0.270000,0.038461
0.270000,-0.260000,0.039083
0.270000,-0.250000,0.039755
0.270000,-0.240000,0.040414
0.270000,-0.230000,0.041150
0.270000,-0.220000,0.041911
0.270000,-0.210000,0.042645
0.270000,-0.200000,0.043433
0.270000,-0.190000,0.044191
0.270000,-0.180000,0.044987
0.270000,-0.170000,0.045747
0.270000,-0.160000,0.046531
0.270000,-0.150000,0.047274
0.270000,-0.140000,0.048030
0.270000,-0.130000,0.048738
0.270000,-0.120000,0.049446
0.270000,-0.110000,0.050100
0.270000,-0.100000,0.050744
0.270000,-0.090000,0.051326
0.270000,-0.080000,0.051888
0.270000,-0.070000,0.052379
0.270000,-0.060000,0.052819
0.270000,-0.050000,0.053213
0.270000,-0.040000,0.053533
0.270000,-0.030000,0.053784
0.270000,-0.020000,0.053961
0.270000,-0.010000,0.054054
0.270000,0.000000,0.054067
0.270000,0.010000,0.053987
0.270000,0.020000,0.053806
0.270000,0.030000,0.053524
0.270000,0.040000,0.000000
0.270000,0.050000,0.000000
0.270000,0.060000,0.000000
0.270000,0.070000,0.000000
0.270000,0.080000,0.000000
0.270000,0.090000,0.000000
0.270000,0.100000,0.000000
0.270000,0.110000,0.000000
0.270000,0.120000,0.000000
0.270000,0.130000,0.000000
0.270000,0.140000,0.000000
0.270000,0.150000,0.000000
0.270000,0.160000,0.000000
0.270000,0.170000,0.000000
0.270000,0.180000,0.000000
0.270000,0.190000,0.000000
0.270000,0.200000,0.000000
0.270000,0.210000,0.000000
0.270000,0.220000,0.000000
0.270000,0.230000,0.000000
0.270000,0.240000,0.000000
0.270000,0.250000,0.000000
0.270000,0.260000,0.000000
0.270000,0.270000,0.000000
0.270000,0.280000,0.000000
0.270000,0.290000,0.000000
0.270000,0.300000,0.000000
0.270000,0.310000,0.000000
0.270000,0.320000,0.000000
0.270000,0.330000,0.000000
0.270000,0.340000,0.000000
0.270000,0.350000,0.000000
0.270000,0.360000,0.000000
0.270000,0.370000,0.000000
0.270000,0.380000,0.000000
0.270000,0.390000,0.000000
0.270000,0.400000,0.000000
0.270000,0.410000,0.000000
0.270000,0.420000,0.000000
0.270000,0.430000,0.000000
0.270000,0.440000,0.000000
0.270000,0.450000,0.000000
0.270000,0.460000,0.000000
0.280000,-1.030000,0.000000
0.280000,-1.020000,0.000000
0.280000,-1.010000,0.000000
0.280000,-1.000000,0.000000
0.280000,-0.990000,0.000000
0.280000,-0.980000,0.000000
0.280000,-0.970000,0.000000
0.280000,-0.960000,0.000000
0.280000,-0.950000,0.000000
0.280000,-0.940000,0.000000
0.280000,-0.930000,0.000000
0.280000,-0.920000,0.000000
0.280000,-0.910000,0.000000
0.280000,-0.900000,0.000000
0.280000,-0.890000,0.000000
0.280000,-0.880000,0.000000
0.280000,-0.870000,0.000000
0.280000,-0.860000,0.000000
0.280000,-0.850000,0.000000
0.280000,-0.840000,0.000000
0.280000,-0.830000,0.000000
0.280000,-0.820000,0.000000
0.280000,-0.810000,0.000000
0.280000,-0.800000,0.000000
0.280000,-0.790000,0.000000
0.280000,-0.780000,0.019117
0.280000,-0.770000,0.021970
0.280000,-0.760000,0.023685
0.280000,-0.750000,0.024771
0.280000,-0.740000,0.025548
0.280000,-0.730000,0.026337
0.280000,-0.720000,0.027221
0.280000,-0.710000,0.028374
0.280000,-0.700000,0.029880
0.280000,-0.690000,0.031603
0.280000,-0.680000,0.033382
0.280000,-0.670000,0.035119
0.280000,-0.660000,0.036794
0.280000,-0.650000,0.038258
0.280000,-0.640000,0.039559
0.280000,-0.630000,0.040690
0.280000,-0.620000,0.041687
0.280000,-0.610000,0.042480
0.280000,-0.600000,0.043121
0.280000,-0.590000,0.043619
0.280000,-0.580000,0.043984
0.280000,-0.570000,0.044227
0.280000,-0.560000,0.044389
0.280000,-0.550000,0.044415
0.280000,-0.540000,0.044351
0.280000,-0.530000,0.044204
0.280000,-0.520000,0.043984
0.280000,-0.510000,0.043699
0.280000,-0.500000,0.043358
0.280000,-0.490000,0.042971
0.280000,-0.480000,0.042544
0.280000,-0.470000,0.042089
0.280000,-0.460000,0.041541
0.280000,-0.450000,0.041047
0.280000,-0.440000,0.040549
0.280000,-0.430000,0.040063
0.280000,-0.420000,0.039600
0.280000,-0.410000,0.039111
0.280000,-0.400000,0.038720
0.280000,-0.390000,0.038388
0.280000,-0.380000,0.038110
0.280000,-0.370000,0.037870
0.280000,-0.360000,0.037765
0.280000,-0.350000,0.037751
0.280000,-0.340000,0.037829
0.280000,-0.330000,0.037944
0.280000,-0.320000,0.038194
0.280000,-0.310000,0.038517
0.280000,-0.300000,0.038925
0.280000,-0.290000,0.039351
0.280000,-0.280000,0.039884
0.280000,-0.270000,0.040468
0.280000,-0.260000,0.041098
0.280000,-0.250000,0.041718
0.280000,-0.240000,0.042415
0.280000,-0.230000,0.043136
0.280000,-0.220000,0.043835
0.280000,-0.210000,0.044592
0.280000,-0.200000,0.045319
0.280000,-0.190000,0.046088
0.280000,-0.180000,0.046823
0.280000,-0.170000,0.047586
0.280000,-0.160000,0.048341
0.280000,-0.150000,0.049048
0.280000,-0.140000,0.049770
0.280000,-0.130000,0.050438
0.280000,-0.120000,0.051082
0.280000,-0.110000,0.051727
0.280000,-0.100000,0.052304
0.280000,-0.090000,0.052864
0.280000,-0.080000,0.053358
0.280000,-0.070000,0.053820
0.280000,-0.060000,0.054209
0.280000,-0.050000,0.054536
0.280000,-0.040000,0.054815
0.280000,-0.030000,0.055012
0.280000,-0.020000,0.055132
0.280000,-0.010000,0.055175
0.280000,0.000000,0.055126
0.280000,0.010000,0.054988
0.280000,0.020000,0.054747
0.280000,0.030000,0.000000
0.280000,0.040000,0.000000
0.280000,0.050000,0.000000
0.280000,0.060000,0.000000
0.280000,0.070000,0.000000
0.280000,0.080000,0.000000
0.280000,0.090000,0.000000
0.280000,0.100000,0.000000
0.280000,0.110000,0.000000
0.280000,0.120000,0.000000
0.280000,0.130000,0.000000
0.280000,0.140000,0.000000
0.280000,0.150000,0.000000
0.280000,0.160000,0.000000
0.280000,0.170000,0.000000
0.280000,0.180000,0.000000
0.280000,0.190000,0.000000
0.280000,0.200000,0.000000
0.280000,0.210000,0.000000
0.280000,0.220000,0.000000
0.280000,0.230000,0.000000
0.280000,0.240000,0.000000
0.280000,0.250000,0.000000
0.280000,0.260000,0.000000
0.280000,0.270000,0.000000
0.280000,0.280000,0.000000
0.280000,0.290000,0.000000
0.280000,0.300000,0.000000
0.280000,0.310000,0.000000
0.280000,0.320000,0.000000
0.280000,0.330000,0.000000
0.280000,0.340000,0.000000
0.280000,0.350000,0.000000
0.280000,0.360000,0.000000
0.280000,0.370000,0.000000
0.280000,0.380000,0.000000
0.280000,0.390000,0.000000
0.280000,0.400000,0.000000
0.280000,0.410000,0.000000
0.280000,0.420000,0.000000
0.280000,0.430000,0.000000
0.280000,0.440000,0.000000
0.280000,0.450000,0.000000
0.280000,0.460000,0.000000
0.290000,-1.030000,0.000000
0.290000,-1.020000,0.000000
0.290000,-1.010000,0.000000
0.290000,-1.000000,0.000000
0.290000,-0.990000,0.000000
0.290000,-0.980000,0.000000
0.290000,-0.970000,0.000000
0.290000,-0.960000,0.000000
0.290000,-0.950000,0.000000
0.290000,-0.940000,0.000000
0.290000,-0.930000,0.000000
0.290000,-0.920000,0.000000
0.290000,-0.910000,0.000000
0.290000,-0.900000,0.000000
0.290000,-0.890000,0.000000
0.290000,-0.880000,0.000000
0.290000,-0.870000,0.000000
0.290000,-0.860000,0.000000
0.290000,-0.850000,0.000000
0.290000,-0.840000,0.000000
0.290000,-0.830000,0.000000
0.290000,-0.820000,0.000000
0.290000,-0.810000,0.000000
0.290000,-0.800000,0.000000
0.290000,-0.790000,0.000000
0.290000,-0.780000,0.019309
0.290000,-0.770000,0.022646
0.290000,-0.760000,0.024708
0.290000,-0.750000,0.026052
0.290000,-0.740000,0.026985
0.290000,-0.730000,0.027799
0.290000,-0.720000,0.028616
0.290000,-0.710000,0.029509
0.290000,-0.700000,0.030633
0.290000,-0.690000,0.032034
0.290000,-0.680000,0.033585
0.290000,-0.670000,0.035224
0.290000,-0.660000,0.036746
0.290000,-0.650000,0.038168
0.290000,-0.640000,0.039456
0.290000,-0.630000,0.040641
0.290000,-0.620000,0.041622
0.290000,-0.610000,0.042453
0.290000,-0.600000,0.043139
0.290000,-0.590000,0.043722
0.290000,-0.580000,0.044134
0.290000,-0.570000,0.044426
0.290000,-0.560000,0.044608
0.290000,-0.550000,0.044689
0.290000,-0.540000,0.044679
0.290000,-0.530000,0.044586
0.290000,-0.520000,0.044419
0.290000,-0.510000,0.044189
0.290000,-0.500000,0.043902
0.290000,-0.490000,0.043570
0.290000,-0.480000,0.043200
0.290000,-0.470000,0.042803
0.290000,-0.460000,0.042388
0.290000,-0.450000,0.041966
0.290000,-0.440000,0.041549
0.290000,-0.430000,0.041076
0.290000,-0.420000,0.040694
0.290000,-0.410000,0.040348
0.290000,-0.400000,0.040053
0.290000,-0.390000,0.039818
0.290000,-0.380000,0.039599
0.290000,-0.370000,0.039503
0.290000,-0.360000,0.039475
0.290000,-0.350000,0.039542
0.290000,-0.340000,0.039646
0.290000,-0.330000,0.039872
0.290000,-0.320000,0.040174
0.290000,-0.310000,0.040548
0.290000,-0.300000,0.040940
0.290000,-0.290000,0.041431
0.290000,-0.280000,0.041967
0.290000,-0.270000,0.042557
0.290000,-0.260000,0.043138
0.290000,-0.250000,0.043795
0.290000,-0.240000,0.044484
0.290000,-0.230000,0.045147
0.290000,-0.220000,0.045869
0.290000,-0.210000,0.046561
0.290000,-0.200000,0.047299
0.290000,-0.190000,0.048043
0.290000,-0.180000,0.048744
0.290000,-0.170000,0.049477
0.290000,-0.160000,0.050162
0.290000,-0.150000,0.050867
0.290000,-0.140000,0.051519
0.290000,-0.130000,0.052179
0.290000,-0.120000,0.052779
0.290000,-0.110000,0.053350
0.290000,-0.100000,0.053907
0.290000,-0.090000,0.054398
0.290000,-0.080000,0.054869
0.290000,-0.070000,0.055263
0.290000,-0.060000,0.055600
0.290000,-0.050000,0.055891
0.290000,-0.040000,0.056101
0.290000,-0.030000,0.056252
0.290000,-0.020000,0.056310
0.290000,-0.010000,0.056287
0.290000,0.000000,0.056181
0.290000,0.010000,0.055977
0.290000,0.020000,0.000000
0.290000,0.030000,0.000000
0.290000,0.040000,0.000000
0.290000,0.050000,0.000000
0.290000,0.060000,0.000000
0.290000,0.070000,0.000000
0.290000,0.080000,0.000000
0.290000,0.090000,0.000000
0.290000,0.100000,0.000000
0.290000,0.110000,0.000000
0.290000,0.120000,0.000000
0.290000,0.130000,0.000000
0.290000,0.140000,0.000000
0.290000,0.150000,0.000000
0.290000,0.160000,0.000000
0.290000,0.170000,0.000000
0.290000,0.180000,0.000000
0.290000,0.190000,0.000000
0.290000,0.200000,0.000000
0.290000,0.210000,0.000000
0.290000,0.220000,0.000000
0.290000,0.230000,0.000000
0.290000,0.240000,0.000000
0.290000,0.250000,0.000000
0.290000,0.260000,0.000000
0.290000,0.270000,0.000000
0.290000,0.280000,0.000000
0.290000,0.290000,0.000000
0.290000,0.300000,0.000000
0.290000,0.310000,0.000000
0.290000,0.320000,0.000000
0.290000,0.330000,0.000000
0.290000,0.340000,0.000000
0.290000,0.350000,0.000000
0.290000,0.360000,0.000000
0.290000,0.370000,0.000000
0.290000,0.380000,0.000000
0.290000,0.390000,0.000000
0.290000,0.400000,0.000000
0.290000,0.410000,0.000000
0.290000,0.420000,0.000000
0.290000,0.430000,0.000000
0.290000,0.440000,0.000000
0.290000,0.450000,0.000000
0.290000,0.460000,0.000000
0.300000,-1.030000,0.000000
0.300000,-1.020000,0.000000
0.300000,-1.010000,0.000000
0.300000,-1.000000,0.000000
0.300000,-0.990000,0.000000
0.300000,-0.980000,0.000000
0.300000,-0.970000,0.000000
0.300000,-0.960000,0.000000
0.300000,-0.950000,0.000000
0.300000,-0.940000,0.000000
0.300000,-0.930000,0.000000
0.300000,-0.920000,0.000000
0.300000,-0.910000,0.000000
0.300000,-0.900000,0.000000
0.300000,-0.890000,0.000000
0.300000,-0.880000,0.000000
0.300000,-0.870000,0.000000
0.300000,-0.860000,0.000000
0.300000,-0.850000,0.000000
0.300000,-0.840000,0.000000
0.300000,-0.830000,0.000000
0.300000,-0.820000,0.000000
0.300000,-0.810000,0.000000
0.300000,-0.800000,0.000000
0.300000,-0.790000,0.000000
0.300000,-0.780000,0.019254
0.300000,-0.770000,0.023155
0.300000,-0.760000,0.025597
0.300000,-0.750000,0.027228
0.300000,-0.740000,0.028359
0.300000,-0.730000,0.029278
0.300000,-0.720000,0.030071
0.300000,-0.710000,0.030828
0.300000,-0.700000,0.031777
0.300000,-0.690000,0.032897
0.300000,-0.680000,0.034174
0.300000,-0.670000,0.035543
0.300000,-0.660000,0.036921
0.300000,-0.650000,0.038253
0.300000,-0.640000,0.039547
0.300000,-0.630000,0.040662
0.300000,-0.620000,0.041650
0.300000,-0.610000,0.042504
0.300000,-0.600000,0.043260
0.300000,-0.590000,0.043842
0.300000,-0.580000,0.044301
0.300000,-0.570000,0.044644
0.300000,-0.560000,0.044880
0.300000,-0.550000,0.045052
0.300000,-0.540000,0.045096
0.300000,-0.530000,0.045059
0.300000,-0.520000,0.044951
0.300000,-0.510000,0.044782
0.300000,-0.500000,0.044559
0.300000,-0.490000,0.044293
0.300000,-0.480000,0.043993
0.300000,-0.470000,0.043669
0.300000,-0.460000,0.043332
0.300000,-0.450000,0.042946
0.300000,-0.440000,0.042609
0.300000,-0.430000,0.042290
0.300000,-0.420000,0.042003
0.300000,-0.410000,0.041757
0.300000,-0.400000,0.041499
0.300000,-0.390000,0.041354
0.300000,-0.380000,0.041276
0.300000,-0.370000,0.041270
0.300000,-0.360000,0.041339
0.300000,-0.350000,0.041436
0.300000,-0.340000,0.041646
0.300000,-0.330000,0.041883
0.300000,-0.320000,0.042258
0.300000,-0.310000,0.042623
0.300000,-0.300000,0.043079
0.300000,-0.290000,0.043585
0.300000,-0.280000,0.044137
0.300000,-0.270000,0.044680
0.300000,-0.260000,0.045298
0.300000,-0.250000,0.045940
0.300000,-0.240000,0.046566
0.300000,-0.230000,0.047252
0.300000,-0.220000,0.047913
0.300000,-0.210000,0.048621
0.300000,-0.200000,0.049333
0.300000,-0.190000,0.050005
0.300000,-0.180000,0.050710
0.300000,-0.170000,0.051371
0.300000,-0.160000,0.052056
0.300000,-0.150000,0.052688
0.300000,-0.140000,0.053332
0.300000,-0.130000,0.053919
0.300000,-0.120000,0.054505
0.300000,-0.110000,0.055028
0.300000,-0.100000,0.055514
0.300000,-0.090000,0.055978
0.300000,-0.080000,0.056374
0.300000,-0.070000,0.056734
0.300000,-0.060000,0.057017
0.300000,-0.050000,0.057238
0.300000,-0.040000,0.057405
0.300000,-0.030000,0.057485
0.300000,-0.020000,0.057485
0.300000,-0.010000,0.057404
0.300000,0.000000,0.057231
0.300000,0.010000,0.000000
0.300000,0.020000,0.000000
0.300000,0.030000,0.000000
0.300000,0.040000,0.000000
0.300000,0.050000,0.000000
0.300000,0.060000,0.000000
0.300000,0.070000,0.000000
0.300000,0.080000,0.000000
0.300000,0.090000,0.000000
0.300000,0.100000,0.000000
0.300000,0.110000,0.000000
0.300000,0.120000,0.000000
0.300000,0.130000,0.000000
0.300000,0.140000,0.000000
0.300000,0.150000,0.000000
0.300000,0.160000,0.000000
0.300000,0.170000,0.000000
0.300000,0.180000,0.000000
0.300000,0.190000,0.000000
0.300000,0.200000,0.000000
0.300000,0.210000,0.000000
0.300000,0.220000,0.000000
0.300000,0.230000,0.000000
0.300000,0.240000,0.000000
0.300000,0.250000,0.000000
0.300000,0.260000,0.000000
0.300000,0.270000,0.000000
0.300000,0.280000,0.000000
0.300000,0.290000,0.000000
0.300000,0.300000,0.000000
0.300000,0.310000,0.000000
0.300000,0.320000,0.000000
0.300000,0.330000,0.000000
0.300000,0.340000,0.000000
0.300000,0.350000,0.000000
0.300000,0.360000,0.000000
0.300000,0.370000,0.000000
0.300000,0.380000,0.000000
0.300000,0.390000,0.000000
0.300000,0.400000,0.000000
0.300000,0.410000,0.000000
0.300000,0.420000,0.000000
0.300000,0.430000,0.000000
0.300000,0.440000,0.000000
0.300000,0.450000,0.000000
0.300000,0.460000,0.000000
0.310000,-1.030000,0.000000
0.310000,-1.020000,0.000000
0.310000,-1.010000,0.000000
0.310000,-1.000000,0.000000
0.310000,-0.990000,0.000000
0.310000,-0.980000,0.000000
0.310000,-0.970000,0.000000
0.310000,-0.960000,0.000000
0.310000,-0.950000,0.000000
0.310000,-0.940000,0.000000
0.310000,-0.930000,0.000000
0.310000,-0.920000,0.000000
0.310000,-0.910000,0.000000
0.310000,-0.900000,0.000000
0.310000,-0.890000,0.000000
0.310000,-0.880000,0.000000
0.310000,-0.870000,0.000000
0.310000,-0.860000,0.000000
0.310000,-0.850000,0.000000
0.310000,-0.840000,0.000000
0.310000,-0.830000,0.000000
0.310000,-0.820000,0.000000
0.310000,-0.810000,0.000000
0.310000,-0.800000,0.000000
0.310000,-0.790000,0.000000
0.310000,-0.780000,0.018889
0.310000,-0.770000,0.023464
0.310000,-0.760000,0.026360
0.310000,-0.750000,0.028278
0.310000,-0.740000,0.029642
0.310000,-0.730000,0.030705
0.310000,-0.720000,0.031589
0.310000,-0.710000,0.032351
0.310000,-0.700000,0.033089
0.310000,-0.690000,0.034004
0.310000,-0.680000,0.035039
0.310000,-0.670000,0.036183
0.310000,-0.660000,0.037386
0.310000,-0.650000,0.038650
0.310000,-0.640000,0.039794
0.310000,-0.630000,0.040861
0.310000,-0.620000,0.041829
0.310000,-0.610000,0.042727
0.310000,-0.600000,0.043457
0.310000,-0.590000,0.044073
0.310000,-0.580000,0.044615
0.310000,-0.570000,0.044998
0.310000,-0.560000,0.045280
0.310000,-0.550000,0.045468
0.310000,-0.540000,0.045572
0.310000,-0.530000,0.045598
0.310000,-0.520000,0.045555
0.310000,-0.510000,0.045454
0.310000,-0.500000,0.045302
0.310000,-0.490000,0.045093
0.310000,-0.480000,0.044867
0.310000,-0.470000,0.044621
0.310000,-0.460000,0.044364
0.310000,-0.450000,0.044108
0.310000,-0.440000,0.043864
0.310000,-0.430000,0.043642
0.310000,-0.420000,0.043452
0.310000,-0.410000,0.043261
0.310000,-0.400000,0.043156
0.310000,-0.390000,0.043108
0.310000,-0.380000,0.043121
0.310000,-0.370000,0.043180
0.310000,-0.360000,0.043279
0.310000,-0.350000,0.043478
0.310000,-0.340000,0.043742
0.310000,-0.330000,0.044066
0.310000,-0.320000,0.044405
0.310000,-0.310000,0.044830
0.310000,-0.300000,0.045292
0.310000,-0.290000,0.045807
0.310000,-0.280000,0.046318
0.310000,-0.270000,0.046898
0.310000,-0.260000,0.047509
0.310000,-0.250000,0.048099
0.310000,-0.240000,0.048748
0.310000,-0.230000,0.049369
0.310000,-0.220000,0.050040
0.310000,-0.210000,0.050721
0.310000,-0.200000,0.051362
0.310000,-0.190000,0.052041
0.310000,-0.180000,0.052675
0.310000,-0.170000,0.053335
0.310000,-0.160000,0.053945
0.310000,-0.150000,0.054570
0.310000,-0.140000,0.055139
0.310000,-0.130000,0.055712
0.310000,-0.120000,0.056222
0.310000,-0.110000,0.056699
0.310000,-0.100000,0.057160
0.310000,-0.090000,0.057550
0.310000,-0.080000,0.057910
0.310000,-0.070000,0.058196
0.310000,-0.060000,0.058439
0.310000,-0.050000,0.058597
0.310000,-0.040000,0.058691
0.310000,-0.030000,0.058720
0.310000,-0.020000,0.058656
0.310000,-0.010000,0.058506
0.310000,0.000000,0.000000
0.310000,0.010000,0.000000
0.310000,0.020000,0.000000
0.310000,0.030000,0.000000
0.310000,0.040000,0.000000
0.310000,0.050000,0.000000
0.310000,0.060000,0.000000
0.310000,0.070000,0.000000
0.310000,0.080000,0.000000
0.310000,0.090000,0.000000
0.310000,0.100000,0.000000
0.310000,0.110000,0.000000
0.310000,0.120000,0.000000
0.310000,0.130000,0.000000
0.310000,0.140000,0.000000
0.310000,0.150000,0.000000
0.310000,0.160000,0.000000
0.310000,0.170000,0.000000
0.310000,0.180000,0.000000
0.310000,0.190000,0.000000
0.310000,0.200000,0.000000
0.310000,0.210000,0.000000
0.310000,0.220000,0.000000
0.310000,0.230000,0.000000
0.310000,0.240000,0.000000
0.310000,0.250000,0.000000
0.310000,0.260000,0.000000
0.310000,0.270000,0.000000
0.310000,0.280000,0.000000
0.310000,0.290000,0.000000
0.310000,0.300000,0.000000
0.310000,0.310000,0.000000
0.310000,0.320000,0.000000
0.310000,0.330000,0.000000
0.310000,0.340000,0.000000
0.310000,0.350000,0.000000
0.310000,0.360000,0.000000
0.310000,0.370000,0.000000
0.310000,0.380000,0.000000
0.310000,0.390000,0.000000
0.310000,0.400000,0.000000
0.310000,0.410000,0.000000
0.310000,0.420000,0.000000
0.310000,0.430000,0.000000
0.310000,0.440000,0.000000
0.310000,0.450000,0.000000
0.310000,0.460000,0.000000
0.320000,-1.030000,0.000000
0.320000,-1.020000,0.000000
0.320000,-1.010000,0.000000
0.320000,-1.000000,0.000000
0.320000,-0.990000,0.000000
0.320000,-0.980000,0.000000
0.320000,-0.970000,0.000000
0.320000,-0.960000,0.000000
0.320000,-0.950000,0.000000
0.320000,-0.940000,0.000000
0.320000,-0.930000,0.000000
0.320000,-0.920000,0.000000
0.320000,-0.910000,0.000000
0.320000,-0.900000,0.000000
0.320000,-0.890000,0.000000
0.320000,-0.880000,0.000000
0.320000,-0.870000,0.000000
0.320000,-0.860000,0.000000
0.320000,-0.850000,0.000000
0.320000,-0.840000,0.000000
0.320000,-0.830000,0.000000
0.320000,-0.820000,0.000000
0.320000,-0.810000,0.000000
0.320000,-0.800000,0.000000
0.320000,-0.790000,0.000000
0.320000,-0.780000,0.000000
0.320000,-0.770000,0.023549
0.320000,-0.760000,0.026913
0.320000,-0.750000,0.029183
0.320000,-0.740000,0.030811
0.320000,-0.730000,0.032061
0.320000,-0.720000,0.033061
0.320000,-0.710000,0.033909
0.320000,-0.700000,0.034631
0.320000,-0.690000,0.035355
0.320000,-0.680000,0.036211
0.320000,-0.670000,0.037157
0.320000,-0.660000,0.038244
0.320000,-0.650000,0.039283
0.320000,-0.640000,0.040315
0.320000,-0.630000,0.041306
0.320000,-0.620000,0.042276
0.320000,-0.610000,0.043100
0.320000,-0.600000,0.043829
0.320000,-0.590000,0.044503
0.320000,-0.580000,0.045020
0.320000,-0.570000,0.045441
0.320000,-0.560000,0.045769
0.320000,-0.550000,0.046011
0.320000,-0.540000,0.046208
0.320000,-0.530000,0.046290
0.320000,-0.520000,0.046310
0.320000,-0.510000,0.046276
0.320000,-0.500000,0.046197
0.320000,-0.490000,0.046081
0.320000,-0.480000,0.045939
0.320000,-0.470000,0.045781
0.320000,-0.460000,0.045617
0.320000,-0.450000,0.045457
0.320000,-0.440000,0.045254
0.320000,-0.430000,0.045123
0.320000,-0.420000,0.045023
0.320000,-0.410000,0.044963
0.320000,-0.400000,0.044949
0.320000,-0.390000,0.044986
0.320000,-0.380000,0.045045
0.320000,-0.370000,0.045188
0.320000,-0.360000,0.045386
0.320000,-0.350000,0.045601
0.320000,-0.340000,0.045933
0.320000,-0.330000,0.046252
0.320000,-0.320000,0.046651
0.320000,-0.310000,0.047094
0.320000,-0.300000,0.047543
0.320000,-0.290000,0.048055
0.320000,-0.280000,0.048601
0.320000,-0.270000,0.049128
0.320000,-0.260000,0.049719
0.320000,-0.250000,0.050335
0.320000,-0.240000,0.050927
0.320000,-0.230000,0.051564
0.320000,-0.220000,0.052211
0.320000,-0.210000,0.052820
0.320000,-0.200000,0.053463
0.320000,-0.190000,0.054069
0.320000,-0.180000,0.054703
0.320000,-0.170000,0.055288
0.320000,-0.160000,0.055891
0.320000,-0.150000,0.056440
0.320000,-0.140000,0.056995
0.320000,-0.130000,0.057490
0.320000,-0.120000,0.057980
0.320000,-0.110000,0.058403
0.320000,-0.100000,0.058786
0.320000,-0.090000,0.059143
0.320000,-0.080000,0.059427
0.320000,-0.070000,0.059676
0.320000,-0.060000,0.059840
0.320000,-0.050000,0.059941
0.320000,-0.040000,0.059982
0.320000,-0.030000,0.059936
0.320000,-0.020000,0.059806
0.320000,-0.010000,0.000000
0.320000,0.000000,0.000000
0.320000,0.010000,0.000000
0.320000,0.020000,0.000000
0.320000,0.030000,0.000000
0.320000,0.040000,0.000000
0.320000,0.050000,0.000000
0.320000,0.060000,0.000000
0.320000,0.070000,0.000000
0.320000,0.080000,0.000000
0.320000,0.090000,0.000000
0.320000,0.100000,0.000000
0.320000,0.110000,0.000000
0.320000,0.120000,0.000000
0.320000,0.130000,0.000000
0.320000,0.140000,0.000000
0.320000,0.150000,0.000000
0.320000,0.160000,0.000000
0.320000,0.170000,0.000000
0.320000,0.180000,0.000000
0.320000,0.190000,0.000000
0.320000,0.200000,0.000000
0.320000,0.210000,0.000000
0.320000,0.220000,0.000000
0.320000,0.230000,0.000000
0.320000,0.240000,0.000000
0.320000,0.250000,0.000000
0.320000,0.260000,0.000000
0.320000,0.270000,0.000000
0.320000,0.280000,0.000000
0.320000,0.290000,0.000000
0.320000,0.300000,0.000000
0.320000,0.310000,0.000000
0.320000,0.320000,0.000000
0.320000,0.330000,0.000000
0.320000,0.340000,0.000000
0.320000,0.350000,0.000000
0.320000,0.360000,0.000000
0.320000,0.370000,0.000000
0.320000,0.380000,0.000000
0.320000,0.390000,0.000000
0.320000,0.400000,0.000000
0.320000,0.410000,0.000000
0.320000,0.420000,0.000000
0.320000,0.430000,0.000000
0.320000,0.440000,0.000000
0.320000,0.450000,0.000000
0.320000,0.460000,0.000000
0.330000,-1.030000,0.000000
0.330000,-1.020000,0.000000
0.330000,-1.010000,0.000000
0.330000,-1.000000,0.000000
0.330000,-0.990000,0.000000
0.330000,-0.980000,0.000000
0.330000,-0.970000,0.000000
0.330000,-0.960000,0.000000
0.330000,-0.950000,0.000000
0.330000,-0.940000,0.000000
0.330000,-0.930000,0.000000
0.330000,-0.920000,0.000000
0.330000,-0.910000,0.000000
0.330000,-0.900000,0.000000
0.330000,-0.890000,0.000000
0.330000,-0.880000,0.000000
0.330000,-0.870000,0.000000
0.330000,-0.860000,0.000000
0.330000,-0.850000,0.000000
0.330000,-0.840000,0.000000
0.330000,-0.830000,0.000000
0.330000,-0.820000,0.000000
0.330000,-0.810000,0.000000
0.330000,-0.800000,0.000000
0.330000,-0.790000,0.000000
0.330000,-0.780000,0.000000
0.330000,-0.770000,0.023323
0.330000,-0.760000,0.027257
0.330000,-0.750000,0.029920
0.330000,-0.740000,0.031843
0.330000,-0.730000,0.033314
0.330000,-0.720000,0.034483
0.330000,-0.710000,0.035417
0.330000,-0.700000,0.036178
0.330000,-0.690000,0.036917
0.330000,-0.680000,0.037679
0.330000,-0.670000,0.038482
0.330000,-0.660000,0.039337
0.330000,-0.650000,0.040231
0.330000,-0.640000,0.041139
0.330000,-0.630000,0.042089
0.330000,-0.620000,0.042930
0.330000,-0.610000,0.043713
0.330000,-0.600000,0.044473
0.330000,-0.590000,0.045089
0.330000,-0.580000,0.045622
0.330000,-0.570000,0.046072
0.330000,-0.560000,0.046478
0.330000,-0.550000,0.046757
0.330000,-0.540000,0.046966
0.330000,-0.530000,0.047111
0.330000,-0.520000,0.047197
0.330000,-0.510000,0.047235
0.330000,-0.500000,0.047231
0.330000,-0.490000,0.047194
0.330000,-0.480000,0.047135
0.330000,-0.470000,0.047062
0.330000,-0.460000,0.046984
0.330000,-0.450000,0.046912
0.330000,-0.440000,0.046853
0.330000,-0.430000,0.046818
0.330000,-0.420000,0.046812
0.330000,-0.410000,0.046819
0.330000,-0.400000,0.046860
0.330000,-0.390000,0.046966
0.330000,-0.380000,0.047120
0.330000,-0.370000,0.047322
0.330000,-0.360000,0.047572
0.330000,-0.350000,0.047841
0.330000,-0.340000,0.048177
0.330000,-0.330000,0.048556
0.330000,-0.320000,0.048960
0.330000,-0.310000,0.049383
0.330000,-0.300000,0.049864
0.330000,-0.290000,0.050377
0.330000,-0.280000,0.050883
0.330000,-0.270000,0.051440
0.330000,-0.260000,0.052019
0.330000,-0.250000,0.052566
0.330000,-0.240000,0.053169
0.330000,-0.230000,0.053746
0.330000,-0.220000,0.054362
0.330000,-0.210000,0.054979
0.330000,-0.200000,0.055554
0.330000,-0.190000,0.056159
0.330000,-0.180000,0.056713
0.330000,-0.170000,0.057292
0.330000,-0.160000,0.057818
0.330000,-0.150000,0.058354
0.330000,-0.140000,0.058830
0.330000,-0.130000,0.059305
0.330000,-0.120000,0.059715
0.330000,-0.110000,0.060088
0.330000,-0.100000,0.060438
0.330000,-0.090000,0.060717
0.330000,-0.080000,0.060962
0.330000,-0.070000,0.061130
0.330000,-0.060000,0.061235
0.330000,-0.050000,0.061285
0.330000,-0.040000,0.061246
0.330000,-0.030000,0.061145
0.330000,-0.020000,0.000000
0.330000,-0.010000,0.000000
0.330000,0.000000,0.000000
0.330000,0.010000,0.000000
0.330000,0.020000,0.000000
0.330000,0.030000,0.000000
0.330000,0.040000,0.000000
0.330000,0.050000,0.000000
0.330000,0.060000,0.000000
0.330000,0.070000,0.000000
0.330000,0.080000,0.000000
0.330000,0.090000,0.000000
0.330000,0.100000,0.000000
0.330000,0.110000,0.000000
0.330000,0.120000,0.000000
0.330000,0.130000,0.000000
0.330000,0.140000,0.000000
0.330000,0.150000,0.000000
0.330000,0.160000,0.000000
0.330000,0.170000,0.000000
0.330000,0.180000,0.000000
0.330000,0.190000,0.000000
0.330000,0.200000,0.000000
0.330000,0.210000,0.000000
0.330000,0.220000,0.000000
0.330000,0.230000,0.000000
0.330000,0.240000,0.000000
0.330000,0.250000,0.000000
0.330000,0.260000,0.000000
0.330000,0.270000,0.000000
0.330000,0.280000,0.000000
0.330000,0.290000,0.000000
0.330000,0.300000,0.000000
0.330000,0.310000,0.000000
0.330000,0.320000,0.000000
0.330000,0.330000,0.000000
0.330000,0.340000,0.000000
0.330000,0.350000,0.000000
0.330000,0.360000,0.000000
0.330000,0.370000,0.000000
0.330000,0.380000,0.000000
0.330000,0.390000,0.000000
0.330000,0.400000,0.000000
0.330000,0.410000,0.000000
0.330000,0.420000,0.000000
0.330000,0.430000,0.000000
0.330000,0.440000,0.000000
0.330000,0.450000,0.000000
0.330000,0.460000,0.000000
0.340000,-1.030000,0.000000
0.340000,-1.020000,0.000000
0.340000,-1.010000,0.000000
0.340000,-1.000000,0.000000
0.340000,-0.990000,0.000000
0.340000,-0.980000,0.000000
0.340000,-0.970000,0.000000
0.340000,-0.960000,0.000000
0.340000,-0.950000,0.000000
0.340000,-0.940000,0.000000
0.340000,-0.930000,0.000000
0.340000,-0.920000,0.000000
0.340000,-0.910000,0.000000
0.340000,-0.900000,0.000000
0.340000,-0.890000,0.000000
0.340000,-0.880000,0.000000
0.340000,-0.870000,0.000000
0.340000,-0.860000,0.000000
0.340000,-0.850000,0.000000
0.340000,-0.840000,0.000000
0.340000,-0.830000,0.000000
0.340000,-0.820000,0.000000
0.340000,-0.810000,0.000000
0.340000,-0.800000,0.000000
0.340000,-0.790000,0.000000
0.340000,-0.780000,0.000000
0.340000,-0.770000,0.022730
0.340000,-0.760000,0.027351
0.340000,-0.750000,0.030492
0.340000,-0.740000,0.032717
0.340000,-0.730000,0.034441
0.340000,-0.720000,0.035793
0.340000,-0.710000,0.036908
0.340000,-0.700000,0.037770
0.340000,-0.690000,0.038494
0.340000,-0.680000,0.039213
0.340000,-0.670000,0.039939
0.340000,-0.660000,0.040686
0.340000,-0.650000,0.041463
0.340000,-0.640000,0.042322
0.340000,-0.630000,0.043105
0.340000,-0.620000,0.043870
0.340000,-0.610000,0.044655
0.340000,-0.600000,0.045318
0.340000,-0.590000,0.045921
0.340000,-0.580000,0.046459
0.340000,-0.570000,0.046965
0.340000,-0.560000,0.047351
0.340000,-0.550000,0.047673
0.340000,-0.540000,0.047932
0.340000,-0.530000,0.048135
0.340000,-0.520000,0.048286
0.340000,-0.510000,0.048392
0.340000,-0.500000,0.048463
0.340000,-0.490000,0.048520
0.340000,-0.480000,0.048539
0.340000,-0.470000,0.048537
0.340000,-0.460000,0.048544
0.340000,-0.450000,0.048556
0.340000,-0.440000,0.048581
0.340000,-0.430000,0.048625
0.340000,-0.420000,0.048696
0.340000,-0.410000,0.048797
0.340000,-0.400000,0.048933
0.340000,-0.390000,0.049107
0.340000,-0.380000,0.049298
0.340000,-0.370000,0.049528
0.340000,-0.360000,0.049813
0.340000,-0.350000,0.050137
0.340000,-0.340000,0.050500
0.340000,-0.330000,0.050874
0.340000,-0.320000,0.051298
0.340000,-0.310000,0.051754
0.340000,-0.300000,0.052200
0.340000,-0.290000,0.052702
0.340000,-0.280000,0.053227
0.340000,-0.270000,0.053773
0.340000,-0.260000,0.054297
0.340000,-0.250000,0.054866
0.340000,-0.240000,0.055412
0.340000,-0.230000,0.055984
0.340000,-0.220000,0.056569
0.340000,-0.210000,0.057113
0.340000,-0.200000,0.057689
0.340000,-0.190000,0.058222
0.340000,-0.180000,0.058775
0.340000,-0.170000,0.059275
0.340000,-0.160000,0.059784
0.340000,-0.150000,0.060240
0.340000,-0.140000,0.060698
0.340000,-0.130000,0.061092
0.340000,-0.120000,0.061477
0.340000,-0.110000,0.061791
0.340000,-0.100000,0.062062
0.340000,-0.090000,0.062303
0.340000,-0.080000,0.062467
0.340000,-0.070000,0.062589
0.340000,-0.060000,0.062627
0.340000,-0.050000,0.062597
0.340000,-0.040000,0.062503
0.340000,-0.030000,0.062317
0.340000,-0.020000,0.000000
0.340000,-0.010000,0.000000
0.340000,0.000000,0.000000
0.340000,0.010000,0.000000
0.340000,0.020000,0.000000
0.340000,0.030000,0.000000
0.340000,0.040000,0.000000
0.340000,0.050000,0.000000
0.340000,0.060000,0.000000
0.340000,0.070000,0.000000
0.340000,0.080000,0.000000
0.340000,0.090000,0.000000
0.340000,0.100000,0.000000
0.340000,0.110000,0.000000
0.340000,0.120000,0.000000
0.340000,0.130000,0.000000
0.340000,0.140000,0.000000
0.340000,0.150000,0.000000
0.340000,0.160000,0.000000
0.340000,0.170000,0.000000
0.340000,0.180000,0.000000
0.340000,0.190000,0.000000
0.340000,0.200000,0.000000
0.340000,0.210000,0.000000
0.340000,0.220000,0.000000
0.340000,0.230000,0.000000
0.340000,0.240000,0.000000
0.340000,0.250000,0.000000
0.340000,0.260000,0.000000
0.340000,0.270000,0.000000
0.340000,0.280000,0.000000
0.340000,0.290000,0.000000
0.340000,0.300000,0.000000
0.340000,0.310000,0.000000
0.340000,0.320000,0.000000
0.340000,0.330000,0.000000
0.340000,0.340000,0.000000
0.340000,0.350000,0.000000
0.340000,0.360000,0.000000
0.340000,0.370000,0.000000
0.340000,0.380000,0.000000
0.340000,0.390000,0.000000
0.340000,0.400000,0.000000
0.340000,0.410000,0.000000
0.340000,0.420000,0.000000
0.340000,0.430000,0.000000
0.340000,0.440000,0.000000
0.340000,0.450000,0.000000
0.340000,0.460000,0.000000
0.350000,-1.030000,0.000000
0.350000,-1.020000,0.000000
0.350000,-1.010000,0.000000
0.350000,-1.000000,0.000000
0.350000,-0.990000,0.000000
0.350000,-0.980000,0.000000
0.350000,-0.970000,0.000000
0.350000,-0.960000,0.000000
0.350000,-0.950000,0.000000
0.350000,-0.940000,0.000000
0.350000,-0.930000,0.000000
0.350000,-0.920000,0.000000
0.350000,-0.910000,0.000000
0.350000,-0.900000,0.000000
0.350000,-0.890000,0.000000
0.350000,-0.880000,0.000000
0.350000,-0.870000,0.000000
0.350000,-0.860000,0.000000
0.350000,-0.850000,0.000000
0.350000,-0.840000,0.000000
0.350000,-0.830000,0.000000
0.350000,-0.820000,0.000000
0.350000,-0.810000,0.000000
0.350000,-0.800000,0.000000
0.350000,-0.790000,0.000000
0.350000,-0.780000,0.000000
0.350000,-0.770000,0.021673
0.350000,-0.760000,0.027164
0.350000,-0.750000,0.030807
0.350000,-0.740000,0.033440
0.350000,-0.730000,0.035416
0.350000,-0.720000,0.036985
0.350000,-0.710000,0.038271
0.350000,-0.700000,0.039318
0.350000,-0.690000,0.040126
0.350000,-0.680000,0.040823
0.350000,-0.670000,0.041525
0.350000,-0.660000,0.042219
0.350000,-0.650000,0.042984
0.350000,-0.640000,0.043686
0.350000,-0.630000,0.044389
0.350000,-0.620000,0.045084
0.350000,-0.610000,0.045806
0.350000,-0.600000,0.046431
0.350000,-0.590000,0.047014
0.350000,-0.580000,0.047588
0.350000,-0.570000,0.048052
0.350000,-0.560000,0.048462
0.350000,-0.550000,0.048818
0.350000,-0.540000,0.049121
0.350000,-0.530000,0.049396
0.350000,-0.520000,0.049598
0.350000,-0.510000,0.049765
0.350000,-0.500000,0.049901
0.350000,-0.490000,0.050013
0.350000,-0.480000,0.050109
0.350000,-0.470000,0.050196
0.350000,-0.460000,0.050280
0.350000,-0.450000,0.050368
0.350000,-0.440000,0.050467
0.350000,-0.430000,0.050583
0.350000,-0.420000,0.050723
0.350000,-0.410000,0.050886
0.350000,-0.400000,0.051077
0.350000,-0.390000,0.051299
0.350000,-0.380000,0.051553
0.350000,-0.370000,0.051840
0.350000,-0.360000,0.052161
0.350000,-0.350000,0.052475
0.350000,-0.340000,0.052850
0.350000,-0.330000,0.053254
0.350000,-0.320000,0.053687
0.350000,-0.310000,0.054120
0.350000,-0.300000,0.054595
0.350000,-0.290000,0.055092
0.350000,-0.280000,0.055578
0.350000,-0.270000,0.056087
0.350000,-0.260000,0.056628
0.350000,-0.250000,0.057140
0.350000,-0.240000,0.057689
0.350000,-0.230000,0.058209
0.350000,-0.220000,0.058757
0.350000,-0.210000,0.059296
0.350000,-0.200000,0.059797
0.350000,-0.190000,0.060323
0.350000,-0.180000,0.060797
0.350000,-0.170000,0.061287
0.350000,-0.160000,0.061720
0.350000,-0.150000,0.062158
0.350000,-0.140000,0.062533
0.350000,-0.130000,0.062875
0.350000,-0.120000,0.063202
0.350000,-0.110000,0.063461
0.350000,-0.100000,0.063694
0.350000,-0.090000,0.063851
0.350000,-0.080000,0.063971
0.350000,-0.070000,0.064011
0.350000,-0.060000,0.063982
0.350000,-0.050000,0.063895
0.350000,-0.040000,0.063718
0.350000,-0.030000,0.063470
0.350000,-0.020000,0.000000
0.350000,-0.010000,0.000000
0.350000,0.000000,0.000000
0.350000,0.010000,0.000000
0.350000,0.020000,0.000000
0.350000,0.030000,0.000000
0.350000,0.040000,0.000000
0.350000,0.050000,0.000000
0.350000,0.060000,0.000000
0.350000,0.070000,0.000000
0.350000,0.080000,0.000000
0.350000,0.090000,0.000000
0.350000,0.100000,0.000000
0.350000,0.110000,0.000000
0.350000,0.120000,0.000000
0.350000,0.130000,0.000000
0.350000,0.140000,0.000000
0.350000,0.150000,0.000000
0.350000,0.160000,0.000000
0.350000,0.170000,0.000000
0.350000,0.180000,0.000000
0.350000,0.190000,0.000000
0.350000,0.200000,0.000000
0.350000,0.210000,0.000000
0.350000,0.220000,0.000000
0.350000,0.230000,0.000000
0.350000,0.240000,0.000000
0.350000,0.250000,0.000000
0.350000,0.260000,0.000000
0.350000,0.270000,0.000000
0.350000,0.280000,0.000000
0.350000,0.290000,0.000000
0.350000,0.300000,0.000000
0.350000,0.310000,0.000000
0.350000,0.320000,0.000000
0.350000,0.330000,0.000000
0.350000,0.340000,0.000000
0.350000,0.350000,0.000000
0.350000,0.360000,0.000000
0.350000,0.370000,0.000000
0.350000,0.380000,0.000000
0.350000,0.390000,0.000000
0.350000,0.400000,0.000000
0.350000,0.410000,0.000000
0.350000,0.420000,0.000000
0.350000,0.430000,0.000000
0.350000,0.440000,0.000000
0.350000,0.450000,0.000000
0.350000,0.460000,0.000000
0.360000,-1.030000,0.000000
0.360000,-1.020000,0.000000
0.360000,-1.010000,0.000000
0.360000,-1.000000,0.000000
0.360000,-0.990000,0.000000
0.360000,-0.980000,0.000000
0.360000,-0.970000,0.000000
0.360000,-0.960000,0.000000
0.360000,-0.950000,0.000000
0.360000,-0.940000,0.000000
0.360000,-0.930000,0.000000
0.360000,-0.920000,0.000000
0.360000,-0.910000,0.000000
0.360000,-0.900000,0.000000
0.360000,-0.890000,0.000000
0.360000,-0.880000,0.000000
0.360000,-0.870000,0.000000
0.360000,-0.860000,0.000000
0.360000,-0.850000,0.000000
0.360000,-0.840000,0.000000
0.360000,-0.830000,0.000000
0.360000,-0.820000,0.000000
0.360000,-0.810000,0.000000
0.360000,-0.800000,0.000000
0.360000,-0.790000,0.000000
0.360000,-0.780000,0.000000
0.360000,-0.770000,0.019959
0.360000,-0.760000,0.026589
0.360000,-0.750000,0.030879
0.360000,-0.740000,0.033917
0.360000,-0.730000,0.036214
0.360000,-0.720000,0.038033
0.360000,-0.710000,0.039520
0.360000,-0.700000,0.040724
0.360000,-0.690000,0.041662
0.360000,-0.680000,0.042488
0.360000,-0.670000,0.043233
0.360000,-0.660000,0.043921
0.360000,-0.650000,0.044586
0.360000,-0.640000,0.045238
0.360000,-0.630000,0.045890
0.360000,-0.620000,0.046588
0.360000,-0.610000,0.047201
0.360000,-0.600000,0.047793
0.360000,-0.590000,0.048402
0.360000,-0.580000,0.048910
0.360000,-0.570000,0.049379
0.360000,-0.560000,0.049807
0.360000,-0.550000,0.050190
0.360000,-0.540000,0.050570
0.360000,-0.530000,0.050862
0.360000,-0.520000,0.051118
0.360000,-0.510000,0.051344
0.360000,-0.500000,0.051544
0.360000,-0.490000,0.051725
0.360000,-0.480000,0.051891
0.360000,-0.470000,0.052050
0.360000,-0.460000,0.052170
0.360000,-0.450000,0.052326
0.360000,-0.440000,0.052489
0.360000,-0.430000,0.052665
0.360000,-0.420000,0.052858
0.360000,-0.410000,0.053071
0.360000,-0.400000,0.053307
0.360000,-0.390000,0.053575
0.360000,-0.380000,0.053862
0.360000,-0.370000,0.054175
0.360000,-0.360000,0.054514
0.360000,-0.350000,0.054879
0.360000,-0.340000,0.055271
0.360000,-0.330000,0.055649
0.360000,-0.320000,0.056078
0.360000,-0.310000,0.056528
0.360000,-0.300000,0.056977
0.360000,-0.290000,0.057456
0.360000,-0.280000,0.057952
0.360000,-0.270000,0.058433
0.360000,-0.260000,0.058931
0.360000,-0.250000,0.059449
0.360000,-0.240000,0.059941
0.360000,-0.230000,0.060459
0.360000,-0.220000,0.060943
0.360000,-0.210000,0.061449
0.360000,-0.200000,0.061915
0.360000,-0.190000,0.062386
0.360000,-0.180000,0.062852
0.360000,-0.170000,0.063261
0.360000,-0.160000,0.063648
0.360000,-0.150000,0.064032
0.360000,-0.140000,0.064356
0.360000,-0.130000,0.064668
0.360000,-0.120000,0.064913
0.360000,-0.110000,0.065135
0.360000,-0.100000,0.065283
0.360000,-0.090000,0.065398
0.360000,-0.080000,0.065431
0.360000,-0.070000,0.065402
0.360000,-0.060000,0.065320
0.360000,-0.050000,0.065148
0.360000,-0.040000,0.064909
0.360000,-0.030000,0.064575
0.360000,-0.020000,0.064151
0.360000,-0.010000,0.063639
0.360000,0.000000,0.063021
0.360000,0.010000,0.062300
0.360000,0.020000,0.061469
0.360000,0.030000,0.000000
0.360000,0.040000,0.000000
0.360000,0.050000,0.000000
0.360000,0.060000,0.000000
0.360000,0.070000,0.000000
0.360000,0.080000,0.000000
0.360000,0.090000,0.000000
0.360000,0.100000,0.000000
0.360000,0.110000,0.000000
0.360000,0.120000,0.000000
0.360000,0.130000,0.000000
0.360000,0.140000,0.000000
0.360000,0.150000,0.000000
0.360000,0.160000,0.000000
0.360000,0.170000,0.000000
0.360000,0.180000,0.000000
0.360000,0.190000,0.000000
0.360000,0.200000,0.000000
0.360000,0.210000,0.000000
0.360000,0.220000,0.000000
0.360000,0.230000,0.000000
0.360000,0.240000,0.000000
0.360000,0.250000,0.000000
0.360000,0.260000,0.000000
0.360000,0.270000,0.000000
0.360000,0.280000,0.000000
0.360000,0.290000,0.000000
0.360000,0.300000,0.000000
0.360000,0.310000,0.000000
0.360000,0.320000,0.000000
0.360000,0.330000,0.000000
0.360000,0.340000,0.000000
0.360000,0.350000,0.000000
0.360000,0.360000,0.000000
0.360000,0.370000,0.000000
0.360000,0.380000,0.000000
0.360000,0.390000,0.000000
0.360000,0.400000,0.000000
0.360000,0.410000,0.000000
0.360000,0.420000,0.000000
0.360000,0.430000,0.000000
0.360000,0.440000,0.000000
0.360000,0.450000,0.000000
0.360000,0.460000,0.000000
0.370000,-1.030000,0.000000
0.370000,-1.020000,0.000000
0.370000,-1.010000,0.000000
0.370000,-1.000000,0.000000
0.370000,-0.990000,0.000000
0.370000,-0.980000,0.000000
0.370000,-0.970000,0.000000
0.370000,-0.960000,0.000000
0.370000,-0.950000,0.000000
0.370000,-0.940000,0.000000
0.370000,-0.930000,0.000000
0.370000,-0.920000,0.000000
0.370000,-0.910000,0.000000
0.370000,-0.900000,0.000000
0.370000,-0.890000,0.000000
0.370000,-0.880000,0.000000
0.370000,-0.870000,0.000000
0.370000,-0.860000,0.000000
0.370000,-0.850000,0.000000
0.370000,-0.840000,0.000000
0.370000,-0.830000,0.000000
0.370000,-0.820000,0.000000
0.370000,-0.810000,0.000000
0.370000,-0.800000,0.000000
0.370000,-0.790000,0.000000
0.370000,-0.780000,0.000000
0.370000,-0.770000,0.000000
0.370000,-0.760000,0.025561
0.370000,-0.750000,0.030606
0.370000,-0.740000,0.034173
0.370000,-0.730000,0.036842
0.370000,-0.720000,0.038911
0.370000,-0.710000,0.040628
0.370000,-0.700000,0.042019
0.370000,-0.690000,0.043161
0.370000,-0.680000,0.044054
0.370000,-0.670000,0.044868
0.370000,-0.660000,0.045594
0.370000,-0.650000,0.046270
0.370000,-0.640000,0.046917
0.370000,-0.630000,0.047547
0.370000,-0.620000,0.048203
0.370000,-0.610000,0.048789
0.370000,-0.600000,0.049357
0.370000,-0.590000,0.049944
0.370000,-0.580000,0.050465
0.370000,-0.570000,0.050940
0.370000,-0.560000,0.051381
0.370000,-0.550000,0.051803
0.370000,-0.540000,0.052164
0.370000,-0.530000,0.052494
0.370000,-0.520000,0.052795
0.370000,-0.510000,0.053070
0.370000,-0.500000,0.053323
0.370000,-0.490000,0.053560
0.370000,-0.480000,0.053783
0.370000,-0.470000,0.054000
0.370000,-0.460000,0.054214
0.370000,-0.450000,0.054413
0.370000,-0.440000,0.054653
0.370000,-0.430000,0.054885
0.370000,-0.420000,0.055091
0.370000,-0.410000,0.055344
0.370000,-0.400000,0.055614
0.370000,-0.390000,0.055904
0.370000,-0.380000,0.056216
0.370000,-0.370000,0.056555
0.370000,-0.360000,0.056908
0.370000,-0.350000,0.057281
0.370000,-0.340000,0.057675
0.370000,-0.330000,0.058088
0.370000,-0.320000,0.058507
0.370000,-0.310000,0.058929
0.370000,-0.300000,0.059384
0.370000,-0.290000,0.059854
0.370000,-0.280000,0.060305
0.370000,-0.270000,0.060789
0.370000,-0.260000,0.061252
0.370000,-0.250000,0.061739
0.370000,-0.240000,0.062218
0.370000,-0.230000,0.062671
0.370000,-0.220000,0.063152
0.370000,-0.210000,0.063589
0.370000,-0.200000,0.064043
0.370000,-0.190000,0.064450
0.370000,-0.180000,0.064865
0.370000,-0.170000,0.065221
0.370000,-0.160000,0.065584
0.370000,-0.150000,0.065889
0.370000,-0.140000,0.066184
0.370000,-0.130000,0.066413
0.370000,-0.120000,0.066623
0.370000,-0.110000,0.066759
0.370000,-0.100000,0.066866
0.370000,-0.090000,0.066893
0.370000,-0.080000,0.066859
0.370000,-0.070000,0.066776
0.370000,-0.060000,0.066605
0.370000,-0.050000,0.066373
0.370000,-0.040000,0.066044
0.370000,-0.030000,0.065632
0.370000,-0.020000,0.065137
0.370000,-0.010000,0.064536
0.370000,0.000000,0.063835
0.370000,0.010000,0.063030
0.370000,0.020000,0.062109
0.370000,0.030000,0.061072
0.370000,0.040000,0.059908
0.370000,0.050000,0.058610
0.370000,0.060000,0.057177
0.370000,0.070000,0.000000
0.370000,0.080000,0.000000
0.370000,0.090000,0.000000
0.370000,0.100000,0.000000
0.370000,0.110000,0.000000
0.370000,0.120000,0.000000
0.370000,0.130000,0.000000
0.370000,0.140000,0.000000
0.370000,0.150000,0.000000
0.370000,0.160000,0.000000
0.370000,0.170000,0.000000
0.370000,0.180000,0.000000
0.370000,0.190000,0.000000
0.370000,0.200000,0.000000
0.370000,0.210000,0.000000
0.370000,0.220000,0.000000
0.370000,0.230000,0.000000
0.370000,0.240000,0.000000
0.370000,0.250000,0.000000
0.370000,0.260000,0.000000
0.370000,0.270000,0.000000
0.370000,0.280000,0.000000
0.370000,0.290000,0.000000
0.370000,0.300000,0.000000
0.370000,0.310000,0.000000
0.370000,0.320000,0.000000
0.370000,0.330000,0.000000
0.370000,0.340000,0.000000
0.370000,0.350000,0.000000
0.370000,0.360000,0.000000
0.370000,0.370000,0.000000
0.370000,0.380000,0.000000
0.370000,0.390000,0.000000
0.370000,0.400000,0.000000
0.370000,0.410000,0.000000
0.370000,0.420000,0.000000
0.370000,0.430000,0.000000
0.370000,0.440000,0.000000
0.370000,0.450000,0.000000
0.370000,0.460000,0.000000
0.380000,-1.030000,0.000000
0.380000,-1.020000,0.000000
0.380000,-1.010000,0.000000
0.380000,-1.000000,0.000000
0.380000,-0.990000,0.000000
0.380000,-0.980000,0.000000
0.380000,-0.970000,0.000000
0.380000,-0.960000,0.000000
0.380000,-0.950000,0.000000
0.380000,-0.940000,0.000000
0.380000,-0.930000,0.000000
0.380000,-0.920000,0.000000
0.380000,-0.910000,0.000000
0.380000,-0.900000,0.000000
0.380000,-0.890000,0.000000
0.380000,-0.880000,0.000000
0.380000,-0.870000,0.000000
0.380000,-0.860000,0.000000
0.380000,-0.850000,0.000000
0.380000,-0.840000,0.000000
0.380000,-0.830000,0.000000
0.380000,-0.820000,0.000000
0.380000,-0.810000,0.000000
0.380000,-0.800000,0.000000
0.380000,-0.790000,0.000000
0.380000,-0.780000,0.000000
0.380000,-0.770000,0.000000
0.380000,-0.760000,0.023900
0.380000,-0.750000,0.029962
0.380000,-0.740000,0.034108
0.380000,-0.730000,0.037201
0.380000,-0.720000,0.039621
0.380000,-0.710000,0.041569
0.380000,-0.700000,0.043184
0.380000,-0.690000,0.044491
0.380000,-0.680000,0.045587
0.380000,-0.670000,0.046452
0.380000,-0.660000,0.047255
0.380000,-0.650000,0.047977
0.380000,-0.640000,0.048648
0.380000,-0.630000,0.049340
0.380000,-0.620000,0.049942
0.380000,-0.610000,0.050524
0.380000,-0.600000,0.051088
0.380000,-0.590000,0.051663
0.380000,-0.580000,0.052168
0.380000,-0.570000,0.052649
0.380000,-0.560000,0.053126
0.380000,-0.550000,0.053539
0.380000,-0.540000,0.053928
0.380000,-0.530000,0.054290
0.380000,-0.520000,0.054629
0.380000,-0.510000,0.054946
0.380000,-0.500000,0.055244
0.380000,-0.490000,0.055527
0.380000,-0.480000,0.055780
0.380000,-0.470000,0.056039
0.380000,-0.460000,0.056296
0.380000,-0.450000,0.056554
0.380000,-0.440000,0.056818
0.380000,-0.430000,0.057092
0.380000,-0.420000,0.057377
0.380000,-0.410000,0.057676
0.380000,-0.400000,0.058004
0.380000,-0.390000,0.058284
0.380000,-0.380000,0.058612
0.380000,-0.370000,0.058957
0.380000,-0.360000,0.059320
0.380000,-0.350000,0.059702
0.380000,-0.340000,0.060095
0.380000,-0.330000,0.060503
0.380000,-0.320000,0.060926
0.380000,-0.310000,0.061363
0.380000,-0.300000,0.061772
0.380000,-0.290000,0.062221
0.380000,-0.280000,0.062680
0.380000,-0.270000,0.063114
0.380000,-0.260000,0.063575
0.380000,-0.250000,0.064009
0.380000,-0.240000,0.064464
0.380000,-0.230000,0.064916
0.380000,-0.220000,0.065312
0.380000,-0.210000,0.065740
0.380000,-0.200000,0.066124
0.380000,-0.190000,0.066516
0.380000,-0.180000,0.066854
0.380000,-0.170000,0.067196
0.380000,-0.160000,0.067471
0.380000,-0.150000,0.067747
0.380000,-0.140000,0.067958
0.380000,-0.130000,0.068154
0.380000,-0.120000,0.068277
0.380000,-0.110000,0.068351
0.380000,-0.100000,0.068390
0.380000,-0.090000,0.068351
0.380000,-0.080000,0.068264
0.380000,-0.070000,0.068091
0.380000,-0.060000,0.067860
0.380000,-0.050000,0.067537
0.380000,-0.040000,0.067131
0.380000,-0.030000,0.066647
0.380000,-0.020000,0.066059
0.380000,-0.010000,0.065373
0.380000,0.000000,0.064590
0.380000,0.010000,0.063691
0.380000,0.020000,0.062681
0.380000,0.030000,0.061547
0.380000,0.040000,0.060286
0.380000,0.050000,0.058887
0.380000,0.060000,0.057354
0.380000,0.070000,0.055672
0.380000,0.080000,0.053833
0.380000,0.090000,0.051834
0.380000,0.100000,0.000000
0.380000,0.110000,0.000000
0.380000,0.120000,0.000000
0.380000,0.130000,0.000000
0.380000,0.140000,0.000000
0.380000,0.150000,0.000000
0.380000,0.160000,0.000000
0.380000,0.170000,0.000000
0.380000,0.180000,0.000000
0.380000,0.190000,0.000000
0.380000,0.200000,0.000000
0.380000,0.210000,0.000000
0.380000,0.220000,0.000000
0.380000,0.230000,0.000000
0.380000,0.240000,0.000000
0.380000,0.250000,0.000000
0.380000,0.260000,0.000000
0.380000,0.270000,0.000000
0.380000,0.280000,0.000000
0.380000,0.290000,0.000000
0.380000,0.300000,0.000000
0.380000,0.310000,0.000000
0.380000,0.320000,0.000000
0.380000,0.330000,0.000000
0.380000,0.340000,0.000000
0.380000,0.350000,0.000000
0.380000,0.360000,0.000000
0.380000,0.370000,0.000000
0.380000,0.380000,0.000000
0.380000,0.390000,0.000000
0.380000,0.400000,0.000000
0.380000,0.410000,0.000000
0.380000,0.420000,0.000000
0.380000,0.430000,0.000000
0.380000,0.440000,0.000000
0.380000,0.450000,0.000000
0.380000,0.460000,0.000000
0.390000,-1.030000,0.000000
0.390000,-1.020000,0.000000
0.390000,-1.010000,0.000000
0.390000,-1.000000,0.000000
0.390000,-0.990000,0.000000
0.390000,-0.980000,0.000000
0.390000,-0.970000,0.000000
0.390000,-0.960000,0.000000
0.390000,-0.950000,0.000000
0.390000,-0.940000,0.000000
0.390000,-0.930000,0.000000
0.390000,-0.920000,0.000000
0.390000,-0.910000,0.000000
0.390000,-0.900000,0.000000
0.390000,-0.890000,0.000000
0.390000,-0.880000,0.000000
0.390000,-0.870000,0.000000
0.390000,-0.860000,0.000000
0.390000,-0.850000,0.000000
0.390000,-0.840000,0.000000
0.390000,-0.830000,0.000000
0.390000,-0.820000,0.000000
0.390000,-0.810000,0.000000
0.390000,-0.800000,0.000000
0.390000,-0.790000,0.000000
0.390000,-0.780000,0.000000
0.390000,-0.770000,0.000000
0.390000,-0.760000,0.021374
0.390000,-0.750000,0.028810
0.390000,-0.740000,0.033717
0.390000,-0.730000,0.037312
0.390000,-0.720000,0.040081
0.390000,-0.710000,0.042315
0.390000,-0.700000,0.044161
0.390000,-0.690000,0.045706
0.390000,-0.680000,0.046943
0.390000,-0.670000,0.048006
0.390000,-0.660000,0.048857
0.390000,-0.650000,0.049656
0.390000,-0.640000,0.050381
0.390000,-0.630000,0.051104
0.390000,-0.620000,0.051728
0.390000,-0.610000,0.052324
0.390000,-0.600000,0.052941
0.390000,-0.590000,0.053476
0.390000,-0.580000,0.053990
0.390000,-0.570000,0.054482
0.390000,-0.560000,0.054971
0.390000,-0.550000,0.055405
0.390000,-0.540000,0.055819
0.390000,-0.530000,0.056211
0.390000,-0.520000,0.056582
0.390000,-0.510000,0.056934
0.390000,-0.500000,0.057270
0.390000,-0.490000,0.057576
0.390000,-0.480000,0.057882
0.390000,-0.470000,0.058180
0.390000,-0.460000,0.058475
0.390000,-0.450000,0.058795
0.390000,-0.440000,0.059095
0.390000,-0.430000,0.059400
0.390000,-0.420000,0.059710
0.390000,-0.410000,0.060006
0.390000,-0.400000,0.060341
0.390000,-0.390000,0.060707
0.390000,-0.380000,0.061054
0.390000,-0.370000,0.061379
0.390000,-0.360000,0.061745
0.390000,-0.350000,0.062125
0.390000,-0.340000,0.062518
0.390000,-0.330000,0.062918
0.390000,-0.320000,0.063329
0.390000,-0.310000,0.063750
0.390000,-0.300000,0.064164
0.390000,-0.290000,0.064594
0.390000,-0.280000,0.065013
0.390000,-0.270000,0.065426
0.390000,-0.260000,0.065856
0.390000,-0.250000,0.066286
0.390000,-0.240000,0.066681
0.390000,-0.230000,0.067093
0.390000,-0.220000,0.067466
0.390000,-0.210000,0.067839
0.390000,-0.200000,0.068178
0.390000,-0.190000,0.068520
0.390000,-0.180000,0.068811
0.390000,-0.170000,0.069103
0.390000,-0.160000,0.069333
0.390000,-0.150000,0.069551
0.390000,-0.140000,0.069698
0.390000,-0.130000,0.069830
0.390000,-0.120000,0.069891
0.390000,-0.110000,0.069923
0.390000,-0.100000,0.069873
0.390000,-0.090000,0.069781
0.390000,-0.080000,0.069604
0.390000,-0.070000,0.069357
0.390000,-0.060000,0.069048
0.390000,-0.050000,0.068646
0.390000,-0.040000,0.068169
0.390000,-0.030000,0.067590
0.390000,-0.020000,0.066917
0.390000,-0.010000,0.066150
0.390000,0.000000,0.065269
0.390000,0.010000,0.064281
0.390000,0.020000,0.063173
0.390000,0.030000,0.061934
0.390000,0.040000,0.060572
0.390000,0.050000,0.059078
0.390000,0.060000,0.057437
0.390000,0.070000,0.055646
0.390000,0.080000,0.053693
0.390000,0.090000,0.051578
0.390000,0.100000,0.049271
0.390000,0.110000,0.046790
0.390000,0.120000,0.000000
0.390000,0.130000,0.000000
0.390000,0.140000,0.000000
0.390000,0.150000,0.000000
0.390000,0.160000,0.000000
0.390000,0.170000,0.000000
0.390000,0.180000,0.000000
0.390000,0.190000,0.000000
0.390000,0.200000,0.000000
0.390000,0.210000,0.000000
0.390000,0.220000,0.000000
0.390000,0.230000,0.000000
0.390000,0.240000,0.000000
0.390000,0.250000,0.000000
0.390000,0.260000,0.000000
0.390000,0.270000,0.000000
0.390000,0.280000,0.000000
0.390000,0.290000,0.000000
0.390000,0.300000,0.000000
0.390000,0.310000,0.000000
0.390000,0.320000,0.000000
0.390000,0.330000,0.000000
0.390000,0.340000,0.000000
0.390000,0.350000,0.000000
0.390000,0.360000,0.000000
0.390000,0.370000,0.000000
0.390000,0.380000,0.000000
0.390000,0.390000,0.000000
0.390000,0.400000,0.000000
0.390000,0.410000,0.000000
0.390000,0.420000,0.000000
0.390000,0.430000,0.000000
0.390000,0.440000,0.000000
0.390000,0.450000,0.000000
0.390000,0.460000,0.000000
0.400000,-1.030000,0.000000
0.400000,-1.020000,0.000000
0.400000,-1.010000,0.000000
0.400000,-1.000000,0.000000
0.400000,-0.990000,0.000000
0.400000,-0.980000,0.000000
0.400000,-0.970000,0.000000
0.400000,-0.960000,0.000000
0.400000,-0.950000,0.000000
0.400000,-0.940000,0.000000
0.400000,-0.930000,0.000000
0.400000,-0.920000,0.000000
0.400000,-0.910000,0.000000
0.400000,-0.900000,0.000000
0.400000,-0.890000,0.000000
0.400000,-0.880000,0.000000
0.400000,-0.870000,0.000000
0.400000,-0.860000,0.000000
0.400000,-0.850000,0.000000
0.400000,-0.840000,0.000000
0.400000,-0.830000,0.000000
0.400000,-0.820000,0.000000
0.400000,-0.810000,0.000000
0.400000,-0.800000,0.000000
0.400000,-0.790000,0.000000
0.400000,-0.780000,0.000000
0.400000,-0.770000,0.000000
0.400000,-0.760000,0.000000
0.400000,-0.750000,0.027031
0.400000,-0.740000,0.032896
0.400000,-0.730000,0.037068
0.400000,-0.720000,0.040268
0.400000,-0.710000,0.042834
0.400000,-0.700000,0.044944
0.400000,-0.690000,0.046714
0.400000,-0.680000,0.048193
0.400000,-0.670000,0.049378
0.400000,-0.660000,0.050420
0.400000,-0.650000,0.051268
0.400000,-0.640000,0.052125
0.400000,-0.630000,0.052851
0.400000,-0.620000,0.053521
0.400000,-0.610000,0.054150
0.400000,-0.600000,0.054790
0.400000,-0.590000,0.055347
0.400000,-0.580000,0.055880
0.400000,-0.570000,0.056392
0.400000,-0.560000,0.056900
0.400000,-0.550000,0.057357
0.400000,-0.540000,0.057796
0.400000,-0.530000,0.058215
0.400000,-0.520000,0.058616
0.400000,-0.510000,0.059000
0.400000,-0.500000,0.059368
0.400000,-0.490000,0.059724
0.400000,-0.480000,0.060069
0.400000,-0.470000,0.060383
0.400000,-0.460000,0.060709
0.400000,-0.450000,0.061058
0.400000,-0.440000,0.061387
0.400000,-0.430000,0.061718
0.400000,-0.420000,0.062051
0.400000,-0.410000,0.062389
0.400000,-0.400000,0.062711
0.400000,-0.390000,0.063070
0.400000,-0.380000,0.063455
0.400000,-0.370000,0.063819
0.400000,-0.360000,0.064165
0.400000,-0.350000,0.064542
0.400000,-0.340000,0.064928
0.400000,-0.330000,0.065321
0.400000,-0.320000,0.065719
0.400000,-0.310000,0.066123
0.400000,-0.300000,0.066534
0.400000,-0.290000,0.066929
0.400000,-0.280000,0.067338
0.400000,-0.270000,0.067732
0.400000,-0.260000,0.068113
0.400000,-0.250000,0.068508
0.400000,-0.240000,0.068871
0.400000,-0.230000,0.069243
0.400000,-0.220000,0.069604
0.400000,-0.210000,0.069917
0.400000,-0.200000,0.070226
0.400000,-0.190000,0.070494
0.400000,-0.180000,0.070761
0.400000,-0.170000,0.070970
0.400000,-0.160000,0.071170
0.400000,-0.150000,0.071304
0.400000,-0.140000,0.071421
0.400000,-0.130000,0.071466
0.400000,-0.120000,0.071484
0.400000,-0.110000,0.071423
0.400000,-0.100000,0.071304
0.400000,-0.090000,0.071139
0.400000,-0.080000,0.070888
0.400000,-0.070000,0.070578
0.400000,-0.060000,0.070175
0.400000,-0.050000,0.069703
0.400000,-0.040000,0.069129
0.400000,-0.030000,0.068464
0.400000,-0.020000,0.067709
0.400000,-0.010000,0.066844
0.400000,0.000000,0.065871
0.400000,0.010000,0.064782
0.400000,0.020000,0.063573
0.400000,0.030000,0.062239
0.400000,0.040000,0.060776
0.400000,0.050000,0.059170
0.400000,0.060000,0.057418
0.400000,0.070000,0.055503
0.400000,0.080000,0.053442
0.400000,0.090000,0.051192
0.400000,0.100000,0.048772
0.400000,0.110000,0.046155
0.400000,0.120000,0.000000
0.400000,0.130000,0.000000
0.400000,0.140000,0.000000
0.400000,0.150000,0.000000
0.400000,0.160000,0.000000
0.400000,0.170000,0.000000
0.400000,0.180000,0.000000
0.400000,0.190000,0.000000
0.400000,0.200000,0.000000
0.400000,0.210000,0.000000
0.400000,0.220000,0.000000
0.400000,0.230000,0.000000
0.400000,0.240000,0.000000
0.400000,0.250000,0.000000
0.400000,0.260000,0.000000
0.400000,0.270000,0.000000
0.400000,0.280000,0.000000
0.400000,0.290000,0.000000
0.400000,0.300000,0.000000
0.400000,0.310000,0.000000
0.400000,0.320000,0.000000
0.400000,0.330000,0.000000
0.400000,0.340000,0.000000
0.400000,0.350000,0.000000
0.400000,0.360000,0.000000
0.400000,0.370000,0.000000
0.400000,0.380000,0.000000
0.400000,0.390000,0.000000
0.400000,0.400000,0.000000
0.400000,0.410000,0.000000
0.400000,0.420000,0.000000
0.400000,0.430000,0.000000
0.400000,0.440000,0.000000
0.400000,0.450000,0.000000
0.400000,0.460000,0.000000
0.410000,-1.030000,0.000000
0.410000,-1.020000,0.000000
0.410000,-1.010000,0.000000
0.410000,-1.000000,0.000000
0.410000,-0.990000,0.000000
0.410000,-0.980000,0.000000
0.410000,-0.970000,0.000000
0.410000,-0.960000,0.000000
0.410000,-0.950000,0.000000
0.410000,-0.940000,0.000000
0.410000,-0.930000,0.000000
0.410000,-0.920000,0.000000
0.410000,-0.910000,0.000000
0.410000,-0.900000,0.000000
0.410000,-0.890000,0.000000
0.410000,-0.880000,0.000000
0.410000,-0.870000,0.000000
0.410000,-0.860000,0.000000
0.410000,-0.850000,0.000000
0.410000,-0.840000,0.000000
0.410000,-0.830000,0.000000
0.410000,-0.820000,0.000000
0.410000,-0.810000,0.000000
0.410000,-0.800000,0.000000
0.410000,-0.790000,0.000000
0.410000,-0.780000,0.000000
0.410000,-0.770000,0.000000
0.410000,-0.760000,0.000000
0.410000,-0.750000,0.024352
0.410000,-0.740000,0.031519
0.410000,-0.730000,0.036458
0.410000,-0.720000,0.040172
0.410000,-0.710000,0.043093
0.410000,-0.700000,0.045522
0.410000,-0.690000,0.047527
0.410000,-0.680000,0.049220
0.410000,-0.670000,0.050602
0.410000,-0.660000,0.051798
0.410000,-0.650000,0.052829
0.410000,-0.640000,0.053733
0.410000,-0.630000,0.054540
0.410000,-0.620000,0.055276
0.410000,-0.610000,0.055957
0.410000,-0.600000,0.056640
0.410000,-0.590000,0.057231
0.410000,-0.580000,0.057795
0.410000,-0.570000,0.058335
0.410000,-0.560000,0.058870
0.410000,-0.550000,0.059354
0.410000,-0.540000,0.059819
0.410000,-0.530000,0.060267
0.410000,-0.520000,0.060696
0.410000,-0.510000,0.061109
0.410000,-0.500000,0.061506
0.410000,-0.490000,0.061891
0.410000,-0.480000,0.062265
0.410000,-0.470000,0.062631
0.410000,-0.460000,0.062991
0.410000,-0.450000,0.063323
0.410000,-0.440000,0.063671
0.410000,-0.430000,0.064019
0.410000,-0.420000,0.064370
0.410000,-0.410000,0.064724
0.410000,-0.400000,0.065085
0.410000,-0.390000,0.065451
0.410000,-0.380000,0.065822
0.410000,-0.370000,0.066211
0.410000,-0.360000,0.066584
0.410000,-0.350000,0.066961
0.410000,-0.340000,0.067317
0.410000,-0.330000,0.067702
0.410000,-0.320000,0.068084
0.410000,-0.310000,0.068471
0.410000,-0.300000,0.068860
0.410000,-0.290000,0.069252
0.410000,-0.280000,0.069618
0.410000,-0.270000,0.069997
0.410000,-0.260000,0.070335
0.410000,-0.250000,0.070697
0.410000,-0.240000,0.071048
0.410000,-0.230000,0.071357
0.410000,-0.220000,0.071674
0.410000,-0.210000,0.071945
0.410000,-0.200000,0.072216
0.410000,-0.190000,0.072410
0.410000,-0.180000,0.072638
0.410000,-0.170000,0.072795
0.410000,-0.160000,0.072935
0.410000,-0.150000,0.073012
0.410000,-0.140000,0.073065
0.410000,-0.130000,0.073046
0.410000,-0.120000,0.072996
0.410000,-0.110000,0.072866
0.410000,-0.100000,0.072694
0.410000,-0.090000,0.072435
0.410000,-0.080000,0.072123
0.410000,-0.070000,0.071716
0.410000,-0.060000,0.071233
0.410000,-0.050000,0.070676
0.410000,-0.040000,0.070017
0.410000,-0.030000,0.069271
0.410000,-0.020000,0.068415
0.410000,-0.010000,0.067455
0.410000,0.000000,0.066386
0.410000,0.010000,0.065196
0.410000,0.020000,0.063887
0.410000,0.030000,0.062447
0.410000,0.040000,0.060874
0.410000,0.050000,0.059156
0.410000,0.060000,0.057288
0.410000,0.070000,0.055254
0.410000,0.080000,0.053059
0.410000,0.090000,0.050690
0.410000,0.100000,0.048137
0.410000,0.110000,0.045381
0.410000,0.120000,0.000000
0.410000,0.130000,0.000000
0.410000,0.140000,0.000000
0.410000,0.150000,0.000000
0.410000,0.160000,0.000000
0.410000,0.170000,0.000000
0.410000,0.180000,0.000000
0.410000,0.190000,0.000000
0.410000,0.200000,0.000000
0.410000,0.210000,0.000000
0.410000,0.220000,0.000000
0.410000,0.230000,0.000000
0.410000,0.240000,0.000000
0.410000,0.250000,0.000000
0.410000,0.260000,0.000000
0.410000,0.270000,0.000000
0.410000,0.280000,0.000000
0.410000,0.290000,0.000000
0.410000,0.300000,0.000000
0.410000,0.310000,0.000000
0.410000,0.320000,0.000000
0.410000,0.330000,0.000000
0.410000,0.340000,0.000000
0.410000,0.350000,0.000000
0.410000,0.360000,0.000000
0.410000,0.370000,0.000000
0.410000,0.380000,0.000000
0.410000,0.390000,0.000000
0.410000,0.400000,0.000000
0.410000,0.410000,0.000000
0.410000,0.420000,0.000000
0.410000,0.430000,0.000000
0.410000,0.440000,0.000000
0.410000,0.450000,0.000000
0.410000,0.460000,0.000000
0.420000,-1.030000,0.000000
0.420000,-1.020000,0.000000
0.420000,-1.010000,0.000000
0.420000,-1.000000,0.000000
0.420000,-0.990000,0.000000
0.420000,-0.980000,0.000000
0.420000,-0.970000,0.000000
0.420000,-0.960000,0.000000
0.420000,-0.950000,0.000000
0.420000,-0.940000,0.000000
0.420000,-0.930000,0.000000
0.420000,-0.920000,0.000000
0.420000,-0.910000,0.000000
0.420000,-0.900000,0.000000
0.420000,-0.890000,0.000000
0.420000,-0.880000,0.000000
0.420000,-0.870000,0.000000
0.420000,-0.860000,0.000000
0.420000,-0.850000,0.000000
0.420000,-0.840000,0.000000
0.420000,-0.830000,0.000000
0.420000,-0.820000,0.000000
0.420000,-0.810000,0.000000
0.420000,-0.800000,0.000000
0.420000,-0.790000,0.000000
0.420000,-0.780000,0.000000
0.420000,-0.770000,0.000000
0.420000,-0.760000,0.000000
0.420000,-0.750000,0.020264
0.420000,-0.740000,0.029457
0.420000,-0.730000,0.035365
0.420000,-0.720000,0.039703
0.420000,-0.710000,0.043076
0.420000,-0.700000,0.045828
0.420000,-0.690000,0.048114
0.420000,-0.680000,0.050049
0.420000,-0.670000,0.051683
0.420000,-0.660000,0.053022
0.420000,-0.650000,0.054202
0.420000,-0.640000,0.055231
0.420000,-0.630000,0.056142
0.420000,-0.620000,0.056959
0.420000,-0.610000,0.057710
0.420000,-0.600000,0.058451
0.420000,-0.590000,0.059091
0.420000,-0.580000,0.059696
0.420000,-0.570000,0.060272
0.420000,-0.560000,0.060844
0.420000,-0.550000,0.061359
0.420000,-0.540000,0.061854
0.420000,-0.530000,0.062331
0.420000,-0.520000,0.062790
0.420000,-0.510000,0.063231
0.420000,-0.500000,0.063657
0.420000,-0.490000,0.064068
0.420000,-0.480000,0.064468
0.420000,-0.470000,0.064858
0.420000,-0.460000,0.065242
0.420000,-0.450000,0.065620
0.420000,-0.440000,0.065995
0.420000,-0.430000,0.066368
0.420000,-0.420000,0.066711
0.420000,-0.410000,0.067077
0.420000,-0.400000,0.067445
0.420000,-0.390000,0.067815
0.420000,-0.380000,0.068209
0.420000,-0.370000,0.068577
0.420000,-0.360000,0.068947
0.420000,-0.350000,0.069319
0.420000,-0.340000,0.069694
0.420000,-0.330000,0.070046
0.420000,-0.320000,0.070420
0.420000,-0.310000,0.070782
0.420000,-0.300000,0.071150
0.420000,-0.290000,0.071516
0.420000,-0.280000,0.071858
0.420000,-0.270000,0.072207
0.420000,-0.260000,0.072550
0.420000,-0.250000,0.072839
0.420000,-0.240000,0.073150
0.420000,-0.230000,0.073424
0.420000,-0.220000,0.073697
0.420000,-0.210000,0.073949
0.420000,-0.200000,0.074145
0.420000,-0.190000,0.074340
0.420000,-0.180000,0.074473
0.420000,-0.170000,0.074587
0.420000,-0.160000,0.074645
0.420000,-0.150000,0.074684
0.420000,-0.140000,0.074649
0.420000,-0.130000,0.074586
0.420000,-0.120000,0.074444
0.420000,-0.110000,0.074243
0.420000,-0.100000,0.073996
0.420000,-0.090000,0.073662
0.420000,-0.080000,0.073266
0.420000,-0.070000,0.072781
0.420000,-0.060000,0.072225
0.420000,-0.050000,0.071569
0.420000,-0.040000,0.070821
0.420000,-0.030000,0.069982
0.420000,-0.020000,0.069032
0.420000,-0.010000,0.067978
0.420000,0.000000,0.066805
0.420000,0.010000,0.065512
0.420000,0.020000,0.064096
0.420000,0.030000,0.062549
0.420000,0.040000,0.060860
0.420000,0.050000,0.059025
0.420000,0.060000,0.057030
0.420000,0.070000,0.054879
0.420000,0.080000,0.052554
0.420000,0.090000,0.050054
0.420000,0.100000,0.047354
0.420000,0.110000,0.044450
0.420000,0.120000,0.041317
0.420000,0.130000,0.000000
0.420000,0.140000,0.000000
0.420000,0.150000,0.000000
0.420000,0.160000,0.000000
0.420000,0.170000,0.000000
0.420000,0.180000,0.000000
0.420000,0.190000,0.000000
0.420000,0.200000,0.000000
0.420000,0.210000,0.000000
0.420000,0.220000,0.000000
0.420000,0.230000,0.000000
0.420000,0.240000,0.000000
0.420000,0.250000,0.000000
0.420000,0.260000,0.000000
0.420000,0.270000,0.000000
0.420000,0.280000,0.000000
0.420000,0.290000,0.000000
0.420000,0.300000,0.000000
0.420000,0.310000,0.000000
0.420000,0.320000,0.000000
0.420000,0.330000,0.000000
0.420000,0.340000,0.000000
0.420000,0.350000,0.000000
0.420000,0.360000,0.000000
0.420000,0.370000,0.000000
0.420000,0.380000,0.000000
0.420000,0.390000,0.000000
0.420000,0.400000,0.000000
0.420000,0.410000,0.000000
0.420000,0.420000,0.000000
0.420000,0.430000,0.000000
0.420000,0.440000,0.000000
0.420000,0.450000,0.000000
0.420000,0.460000,0.000000
0.430000,-1.030000,0.000000
0.430000,-1.020000,0.000000
0.430000,-1.010000,0.000000
0.430000,-1.000000,0.000000
0.430000,-0.990000,0.000000
0.430000,-0.980000,0.000000
0.430000,-0.970000,0.000000
0.430000,-0.960000,0.000000
0.430000,-0.950000,0.000000
0.430000,-0.940000,0.000000
0.430000,-0.930000,0.000000
0.430000,-0.920000,0.000000
0.430000,-0.910000,0.000000
0.430000,-0.900000,0.000000
0.430000,-0.890000,0.000000
0.430000,-0.880000,0.000000
0.430000,-0.870000,0.000000
0.430000,-0.860000,0.000000
0.430000,-0.850000,0.000000
0.430000,-0.840000,0.000000
0.430000,-0.830000,0.000000
0.430000,-0.820000,0.000000
0.430000,-0.810000,0.000000
0.430000,-0.800000,0.000000
0.430000,-0.790000,0.000000
0.430000,-0.780000,0.000000
0.430000,-0.770000,0.000000
0.430000,-0.760000,0.000000
0.430000,-0.750000,0.000000
0.430000,-0.740000,0.026399
0.430000,-0.730000,0.033647
0.430000,-0.720000,0.038763
0.430000,-0.710000,0.042674
0.430000,-0.700000,0.045833
0.430000,-0.690000,0.048441
0.430000,-0.680000,0.050647
0.430000,-0.670000,0.052513
0.430000,-0.660000,0.054103
0.430000,-0.650000,0.055414
0.430000,-0.640000,0.056587
0.430000,-0.630000,0.057620
0.430000,-0.620000,0.058543
0.430000,-0.610000,0.059379
0.430000,-0.600000,0.060141
0.430000,-0.590000,0.060892
0.430000,-0.580000,0.061550
0.430000,-0.570000,0.062171
0.430000,-0.560000,0.062789
0.430000,-0.550000,0.063340
0.430000,-0.540000,0.063870
0.430000,-0.530000,0.064379
0.430000,-0.520000,0.064869
0.430000,-0.510000,0.065340
0.430000,-0.500000,0.065794
0.430000,-0.490000,0.066233
0.430000,-0.480000,0.066660
0.430000,-0.470000,0.067075
0.430000,-0.460000,0.067479
0.430000,-0.450000,0.067873
0.430000,-0.440000,0.068266
0.430000,-0.430000,0.068653
0.430000,-0.420000,0.069037
0.430000,-0.410000,0.069417
0.430000,-0.400000,0.069793
0.430000,-0.390000,0.070167
0.430000,-0.380000,0.070537
0.430000,-0.370000,0.070905
0.430000,-0.360000,0.071271
0.430000,-0.350000,0.071637
0.430000,-0.340000,0.072001
0.430000,-0.330000,0.072364
0.430000,-0.320000,0.072704
0.430000,-0.310000,0.073047
0.430000,-0.300000,0.073393
0.430000,-0.290000,0.073733
0.430000,-0.280000,0.074049
0.430000,-0.270000,0.074367
0.430000,-0.260000,0.074675
0.430000,-0.250000,0.074945
0.430000,-0.240000,0.075203
0.430000,-0.230000,0.075457
0.430000,-0.220000,0.075664
0.430000,-0.210000,0.075868
0.430000,-0.200000,0.076016
0.430000,-0.190000,0.076157
0.430000,-0.180000,0.076236
0.430000,-0.170000,0.076301
0.430000,-0.160000,0.076289
0.430000,-0.150000,0.076262
0.430000,-0.140000,0.076163
0.430000,-0.130000,0.076032
0.430000,-0.120000,0.075820
0.430000,-0.110000,0.075564
0.430000,-0.100000,0.075222
0.430000,-0.090000,0.074826
0.430000,-0.080000,0.074335
0.430000,-0.070000,0.073765
0.430000,-0.060000,0.073119
0.430000,-0.050000,0.072374
0.430000,-0.040000,0.071542
0.430000,-0.030000,0.070599
0.430000,-0.020000,0.069551
0.430000,-0.010000,0.068396
0.430000,0.000000,0.067119
0.430000,0.010000,0.065722
0.430000,0.020000,0.064194
0.430000,0.030000,0.062533
0.430000,0.040000,0.060726
0.430000,0.050000,0.058771
0.430000,0.060000,0.056649
0.430000,0.070000,0.054370
0.430000,0.080000,0.051907
0.430000,0.090000,0.049264
0.430000,0.100000,0.046419
0.430000,0.110000,0.043357
0.430000,0.120000,0.040040
0.430000,0.130000,0.000000
0.430000,0.140000,0.000000
0.430000,0.150000,0.000000
0.430000,0.160000,0.000000
0.430000,0.170000,0.000000
0.430000,0.180000,0.000000
0.430000,0.190000,0.000000
0.430000,0.200000,0.000000
0.430000,0.210000,0.000000
0.430000,0.220000,0.000000
0.430000,0.230000,0.000000
0.430000,0.240000,0.000000
0.430000,0.250000,0.000000
0.430000,0.260000,0.000000
0.430000,0.270000,0.000000
0.430000,0.280000,0.000000
0.430000,0.290000,0.000000
0.430000,0.300000,0.000000
0.430000,0.310000,0.000000
0.430000,0.320000,0.000000
0.430000,0.330000,0.000000
0.430000,0.340000,0.000000
0.430000,0.350000,0.000000
0.430000,0.360000,0.000000
0.430000,0.370000,0.000000
0.430000,0.380000,0.000000
0.430000,0.390000,0.000000
0.430000,0.400000,0.000000
0.430000,0.410000,0.000000
0.430000,0.420000,0.000000
0.430000,0.430000,0.000000
0.430000,0.440000,0.000000
0.430000,0.450000,0.000000
0.430000,0.460000,0.000000
0.440000,-1.030000,0.000000
0.440000,-1.020000,0.000000
0.440000,-1.010000,0.000000
0.440000,-1.000000,0.000000
0.440000,-0.990000,0.000000
0.440000,-0.980000,0.000000
0.440000,-0.970000,0.000000
0.440000,-0.960000,0.000000
0.440000,-0.950000,0.000000
0.440000,-0.940000,0.000000
0.440000,-0.930000,0.000000
0.440000,-0.920000,0.000000
0.440000,-0.910000,0.000000
0.440000,-0.900000,0.000000
0.440000,-0.890000,0.000000
0.440000,-0.880000,0.000000
0.440000,-0.870000,0.000000
0.440000,-0.860000,0.000000
0.440000,-0.850000,0.000000
0.440000,-0.840000,0.000000
0.440000,-0.830000,0.000000
0.440000,-0.820000,0.000000
0.440000,-0.810000,0.000000
0.440000,-0.800000,0.000000
0.440000,-0.790000,0.000000
0.440000,-0.780000,0.000000
0.440000,-0.770000,0.000000
0.440000,-0.760000,0.000000
0.440000,-0.750000,0.000000
0.440000,-0.740000,0.021802
0.440000,-0.730000,0.031146
0.440000,-0.720000,0.037294
0.440000,-0.710000,0.041873
0.440000,-0.700000,0.045486
0.440000,-0.690000,0.048467
0.440000,-0.680000,0.050982
0.440000,-0.670000,0.053108
0.440000,-0.660000,0.054922
0.440000,-0.650000,0.056481
0.440000,-0.640000,0.057775
0.440000,-0.630000,0.058949
0.440000,-0.620000,0.059991
0.440000,-0.610000,0.060929
0.440000,-0.600000,0.061784
0.440000,-0.590000,0.062604
0.440000,-0.580000,0.063327
0.440000,-0.570000,0.064004
0.440000,-0.560000,0.064676
0.440000,-0.550000,0.065271
0.440000,-0.540000,0.065840
0.440000,-0.530000,0.066385
0.440000,-0.520000,0.066908
0.440000,-0.510000,0.067411
0.440000,-0.500000,0.067895
0.440000,-0.490000,0.068363
0.440000,-0.480000,0.068816
0.440000,-0.470000,0.069256
0.440000,-0.460000,0.069683
0.440000,-0.450000,0.070098
0.440000,-0.440000,0.070503
0.440000,-0.430000,0.070898
0.440000,-0.420000,0.071296
0.440000,-0.410000,0.071684
0.440000,-0.400000,0.072067
0.440000,-0.390000,0.072445
0.440000,-0.380000,0.072816
0.440000,-0.370000,0.073183
0.440000,-0.360000,0.073545
0.440000,-0.350000,0.073903
0.440000,-0.340000,0.074256
0.440000,-0.330000,0.074606
0.440000,-0.320000,0.074950
0.440000,-0.310000,0.075256
0.440000,-0.300000,0.075579
0.440000,-0.290000,0.075893
0.440000,-0.280000,0.076181
0.440000,-0.270000,0.076467
0.440000,-0.260000,0.076740
0.440000,-0.250000,0.076974
0.440000,-0.240000,0.077206
0.440000,-0.230000,0.077404
0.440000,-0.220000,0.077561
0.440000,-0.210000,0.077715
0.440000,-0.200000,0.077818
0.440000,-0.190000,0.077904
0.440000,-0.180000,0.077928
0.440000,-0.170000,0.077932
0.440000,-0.160000,0.077869
0.440000,-0.150000,0.077767
0.440000,-0.140000,0.077601
0.440000,-0.130000,0.077397
0.440000,-0.120000,0.077113
0.440000,-0.110000,0.076784
0.440000,-0.100000,0.076364
0.440000,-0.090000,0.075884
0.440000,-0.080000,0.075310
0.440000,-0.070000,0.074666
0.440000,-0.060000,0.073918
0.440000,-0.050000,0.073081
0.440000,-0.040000,0.072152
0.440000,-0.030000,0.071112
0.440000,-0.020000,0.069968
0.440000,-0.010000,0.068704
0.440000,0.000000,0.067323
0.440000,0.010000,0.065812
0.440000,0.020000,0.064170
0.440000,0.030000,0.062389
0.440000,0.040000,0.060452
0.440000,0.050000,0.058373
0.440000,0.060000,0.056128
0.440000,0.070000,0.053711
0.440000,0.080000,0.051110
0.440000,0.090000,0.048317
0.440000,0.100000,0.045315
0.440000,0.110000,0.042085
0.440000,0.120000,0.038586
0.440000,0.130000,0.000000
0.440000,0.140000,0.000000
0.440000,0.150000,0.000000
0.440000,0.160000,0.000000
0.440000,0.170000,0.000000
0.440000,0.180000,0.000000
0.440000,0.190000,0.000000
0.440000,0.200000,0.000000
0.440000,0.210000,0.000000
0.440000,0.220000,0.000000
0.440000,0.230000,0.000000
0.440000,0.240000,0.000000
0.440000,0.250000,0.000000
0.440000,0.260000,0.000000
0.440000,0.270000,0.000000
0.440000,0.280000,0.000000
0.440000,0.290000,0.000000
0.440000,0.300000,0.000000
0.440000,0.310000,0.000000
0.440000,0.320000,0.000000
0.440000,0.330000,0.000000
0.440000,0.340000,0.000000
0.440000,0.350000,0.000000
0.440000,0.360000,0.000000
0.440000,0.370000,0.000000
0.440000,0.380000,0.000000
0.440000,0.390000,0.000000
0.440000,0.400000,0.000000
0.440000,0.410000,0.000000
0.440000,0.420000,0.000000
0.440000,0.430000,0.000000
0.440000,0.440000,0.000000
0.440000,0.450000,0.000000
0.440000,0.460000,0.000000
0.450000,-1.030000,0.000000
0.450000,-1.020000,0.000000
0.450000,-1.010000,0.000000
0.450000,-1.000000,0.000000
0.450000,-0.990000,0.000000
0.450000,-0.980000,0.000000
0.450000,-0.970000,0.000000
0.450000,-0.960000,0.000000
0.450000,-0.950000,0.000000
0.450000,-0.940000,0.000000
0.450000,-0.930000,0.000000
0.450000,-0.920000,0.000000
0.450000,-0.910000,0.000000
0.450000,-0.900000,0.000000
0.450000,-0.890000,0.000000
0.450000,-0.880000,0.000000
0.450000,-0.870000,0.000000
0.450000,-0.860000,0.000000
0.450000,-0.850000,0.000000
0.450000,-0.840000,0.000000
0.450000,-0.830000,0.000000
0.450000,-0.820000,0.000000
0.450000,-0.810000,0.000000
0.450000,-0.800000,0.000000
0.450000,-0.790000,0.000000
0.450000,-0.780000,0.000000
0.450000,-0.770000,0.000000
0.450000,-0.760000,0.000000
0.450000,-0.750000,0.000000
0.450000,-0.740000,0.000000
0.450000,-0.730000,0.027496
0.450000,-0.720000,0.035116
0.450000,-0.710000,0.040552
0.450000,-0.700000,0.044751
0.450000,-0.690000,0.048168
0.450000,-0.680000,0.051012
0.450000,-0.670000,0.053433
0.450000,-0.660000,0.055499
0.450000,-0.650000,0.057275
0.450000,-0.640000,0.058766
0.450000,-0.630000,0.060100
0.450000,-0.620000,0.061280
0.450000,-0.610000,0.062335
0.450000,-0.600000,0.063290
0.450000,-0.590000,0.064209
0.450000,-0.580000,0.065008
0.450000,-0.570000,0.065741
0.450000,-0.560000,0.066438
0.450000,-0.550000,0.067126
0.450000,-0.540000,0.067739
0.450000,-0.530000,0.068325
0.450000,-0.520000,0.068885
0.450000,-0.510000,0.069422
0.450000,-0.500000,0.069938
0.450000,-0.490000,0.070438
0.450000,-0.480000,0.070915
0.450000,-0.470000,0.071378
0.450000,-0.460000,0.071827
0.450000,-0.450000,0.072262
0.450000,-0.440000,0.072685
0.450000,-0.430000,0.073096
0.450000,-0.420000,0.073496
0.450000,-0.410000,0.073887
0.450000,-0.400000,0.074285
0.450000,-0.390000,0.074665
0.450000,-0.380000,0.075037
0.450000,-0.370000,0.075401
0.450000,-0.360000,0.075757
0.450000,-0.350000,0.076107
0.450000,-0.340000,0.076449
0.450000,-0.330000,0.076784
0.450000,-0.320000,0.077111
0.450000,-0.310000,0.077397
0.450000,-0.300000,0.077698
0.450000,-0.290000,0.077986
0.450000,-0.280000,0.078244
0.450000,-0.270000,0.078498
0.450000,-0.260000,0.078735
0.450000,-0.250000,0.078931
0.450000,-0.240000,0.079122
0.450000,-0.230000,0.079289
0.450000,-0.220000,0.079389
0.450000,-0.210000,0.079492
0.450000,-0.200000,0.079538
0.450000,-0.190000,0.079568
0.450000,-0.180000,0.079535
0.450000,-0.170000,0.079482
0.450000,-0.160000,0.079356
0.450000,-0.150000,0.079196
0.450000,-0.140000,0.078957
0.450000,-0.130000,0.078680
0.450000,-0.120000,0.078321
0.450000,-0.110000,0.077909
0.450000,-0.100000,0.077409
0.450000,-0.090000,0.076845
0.450000,-0.080000,0.076186
0.450000,-0.070000,0.075449
0.450000,-0.060000,0.074611
0.450000,-0.050000,0.073689
0.450000,-0.040000,0.072653
0.450000,-0.030000,0.071511
0.450000,-0.020000,0.070263
0.450000,-0.010000,0.068891
0.450000,0.000000,0.067399
0.450000,0.010000,0.065774
0.450000,0.020000,0.064016
0.450000,0.030000,0.062103
0.450000,0.040000,0.060050
0.450000,0.050000,0.057835
0.450000,0.060000,0.055455
0.450000,0.070000,0.052896
0.450000,0.080000,0.050142
0.450000,0.090000,0.047192
0.450000,0.100000,0.044022
0.450000,0.110000,0.040603
0.450000,0.120000,0.036922
0.450000,0.130000,0.032939
0.450000,0.140000,0.000000
0.450000,0.150000,0.000000
0.450000,0.160000,0.000000
0.450000,0.170000,0.000000
0.450000,0.180000,0.000000
0.450000,0.190000,0.000000
0.450000,0.200000,0.000000
0.450000,0.210000,0.000000
0.450000,0.220000,0.000000
0.450000,0.230000,0.000000
0.450000,0.240000,0.000000
0.450000,0.250000,0.000000
0.450000,0.260000,0.000000
0.450000,0.270000,0.000000
0.450000,0.280000,0.000000
0.450000,0.290000,0.000000
0.450000,0.300000,0.000000
0.450000,0.310000,0.000000
0.450000,0.320000,0.000000
0.450000,0.330000,0.000000
0.450000,0.340000,0.000000
0.450000,0.350000,0.000000
0.450000,0.360000,0.000000
0.450000,0.370000,0.000000
0.450000,0.380000,0.000000
0.450000,0.390000,0.000000
0.450000,0.400000,0.000000
0.450000,0.410000,0.000000
0.450000,0.420000,0.000000
0.450000,0.430000,0.000000
0.450000,0.440000,0.000000
0.450000,0.450000,0.000000
0.450000,0.460000,0.000000
0.460000,-1.030000,0.000000
0.460000,-1.020000,0.000000
0.460000,-1.010000,0.000000
0.460000,-1.000000,0.000000
0.460000,-0.990000,0.000000
0.460000,-0.980000,0.000000
0.460000,-0.970000,0.000000
0.460000,-0.960000,0.000000
0.460000,-0.950000,0.000000
0.460000,-0.940000,0.000000
0.460000,-0.930000,0.000000
0.460000,-0.920000,0.000000
0.460000,-0.910000,0.000000
0.460000,-0.900000,0.000000
0.460000,-0.890000,0.000000
0.460000,-0.880000,0.000000
0.460000,-0.870000,0.000000
0.460000,-0.860000,0.000000
0.460000,-0.850000,0.000000
0.460000,-0.840000,0.000000
0.460000,-0.830000,0.000000
0.460000,-0.820000,0.000000
0.460000,-0.810000,0.000000
0.460000,-0.800000,0.000000
0.460000,-0.790000,0.000000
0.460000,-0.780000,0.000000
0.460000,-0.770000,0.000000
0.460000,-0.760000,0.000000
0.460000,-0.750000,0.000000
0.460000,-0.740000,0.000000
0.460000,-0.730000,0.021952
0.460000,-0.720000,0.031968
0.460000,-0.710000,0.038556
0.460000,-0.700000,0.043514
0.460000,-0.690000,0.047437
0.460000,-0.680000,0.050690
0.460000,-0.670000,0.053448
0.460000,-0.660000,0.055810
0.460000,-0.650000,0.057818
0.460000,-0.640000,0.059567
0.460000,-0.630000,0.061045
0.460000,-0.620000,0.062382
0.460000,-0.610000,0.063572
0.460000,-0.600000,0.064643
0.460000,-0.590000,0.065618
0.460000,-0.580000,0.066552
0.460000,-0.570000,0.067373
0.460000,-0.560000,0.068138
0.460000,-0.550000,0.068843
0.460000,-0.540000,0.069545
0.460000,-0.530000,0.070177
0.460000,-0.520000,0.070779
0.460000,-0.510000,0.071353
0.460000,-0.500000,0.071904
0.460000,-0.490000,0.072439
0.460000,-0.480000,0.072943
0.460000,-0.470000,0.073429
0.460000,-0.460000,0.073899
0.460000,-0.450000,0.074354
0.460000,-0.440000,0.074794
0.460000,-0.430000,0.075220
0.460000,-0.420000,0.075633
0.460000,-0.410000,0.076034
0.460000,-0.400000,0.076424
0.460000,-0.390000,0.076814
0.460000,-0.380000,0.077185
0.460000,-0.370000,0.077546
0.460000,-0.360000,0.077897
0.460000,-0.350000,0.078238
0.460000,-0.340000,0.078568
0.460000,-0.330000,0.078888
0.460000,-0.320000,0.079198
0.460000,-0.310000,0.079480
0.460000,-0.300000,0.079740
0.460000,-0.290000,0.080001
0.460000,-0.280000,0.080228
0.460000,-0.270000,0.080449
0.460000,-0.260000,0.080651
0.460000,-0.250000,0.080808
0.460000,-0.240000,0.080956
0.460000,-0.230000,0.081078
0.460000,-0.220000,0.081144
0.460000,-0.210000,0.081184
0.460000,-0.200000,0.081176
0.460000,-0.190000,0.081149
0.460000,-0.180000,0.081057
0.460000,-0.170000,0.080936
0.460000,-0.160000,0.080766
0.460000,-0.150000,0.080517
0.460000,-0.140000,0.080230
0.460000,-0.130000,0.079860
0.460000,-0.120000,0.079424
0.460000,-0.110000,0.078932
0.460000,-0.100000,0.078350
0.460000,-0.090000,0.077700
0.460000,-0.080000,0.076948
0.460000,-0.070000,0.076122
0.460000,-0.060000,0.075190
0.460000,-0.050000,0.074169
0.460000,-0.040000,0.073032
0.460000,-0.030000,0.071792
0.460000,-0.020000,0.070430
0.460000,-0.010000,0.068948
0.460000,0.000000,0.067341
0.460000,0.010000,0.065592
0.460000,0.020000,0.063709
0.460000,0.030000,0.061679
0.460000,0.040000,0.059492
0.460000,0.050000,0.057142
0.460000,0.060000,0.054616
0.460000,0.070000,0.051908
0.460000,0.080000,0.049001
0.460000,0.090000,0.045884
0.460000,0.100000,0.042520
0.460000,0.110000,0.038914
0.460000,0.120000,0.035025
0.460000,0.130000,0.030795
0.460000,0.140000,0.000000
0.460000,0.150000,0.000000
0.460000,0.160000,0.000000
0.460000,0.170000,0.000000
0.460000,0.180000,0.000000
0.460000,0.190000,0.000000
0.460000,0.200000,0.000000
0.460000,0.210000,0.000000
0.460000,0.220000,0.000000
0.460000,0.230000,0.000000
0.460000,0.240000,0.000000
0.460000,0.250000,0.000000
0.460000,0.260000,0.000000
0.460000,0.270000,0.000000
0.460000,0.280000,0.000000
0.460000,0.290000,0.000000
0.460000,0.300000,0.000000
0.460000,0.310000,0.000000
0.460000,0.320000,0.000000
0.460000,0.330000,0.000000
0.460000,0.340000,0.000000
0.460000,0.350000,0.000000
0.460000,0.360000,0.000000
0.460000,0.370000,0.000000
0.460000,0.380000,0.000000
0.460000,0.390000,0.000000
0.460000,0.400000,0.000000
0.460000,0.410000,0.000000
0.460000,0.420000,0.000000
0.460000,0.430000,0.000000
0.460000,0.440000,0.000000
0.460000,0.450000,0.000000
0.460000,0.460000,0.000000
0.470000,-1.030000,0.000000
0.470000,-1.020000,0.000000
0.470000,-1.010000,0.000000
0.470000,-1.000000,0.000000
0.470000,-0.990000,0.000000
0.470000,-0.980000,0.000000
0.470000,-0.970000,0.000000
0.470000,-0.960000,0.000000
0.470000,-0.950000,0.000000
0.470000,-0.940000,0.000000
0.470000,-0.930000,0.000000
0.470000,-0.920000,0.000000
0.470000,-0.910000,0.000000
0.470000,-0.900000,0.000000
0.470000,-0.890000,0.000000
0.470000,-0.880000,0.000000
0.470000,-0.870000,0.000000
0.470000,-0.860000,0.000000
0.470000,-0.850000,0.000000
0.470000,-0.840000,0.000000
0.470000,-0.830000,0.000000
0.470000,-0.820000,0.000000
0.470000,-0.810000,0.000000
0.470000,-0.800000,0.000000
0.470000,-0.790000,0.000000
0.470000,-0.780000,0.000000
0.470000,-0.770000,0.000000
0.470000,-0.760000,0.000000
0.470000,-0.750000,0.000000
0.470000,-0.740000,0.000000
0.470000,-0.730000,0.000000
0.470000,-0.720000,0.027417
0.470000,-0.710000,0.035727
0.470000,-0.700000,0.041636
0.470000,-0.690000,0.046240
0.470000,-0.680000,0.049979
0.470000,-0.670000,0.053105
0.470000,-0.660000,0.055778
0.470000,-0.650000,0.058094
0.470000,-0.640000,0.060061
0.470000,-0.630000,0.061785
0.470000,-0.620000,0.063260
0.470000,-0.610000,0.064612
0.470000,-0.600000,0.065816
0.470000,-0.590000,0.066905
0.470000,-0.580000,0.067899
0.470000,-0.570000,0.068851
0.470000,-0.560000,0.069693
0.470000,-0.550000,0.070478
0.470000,-0.540000,0.071215
0.470000,-0.530000,0.071936
0.470000,-0.520000,0.072552
0.470000,-0.510000,0.073185
0.470000,-0.500000,0.073773
0.470000,-0.490000,0.074335
0.470000,-0.480000,0.074883
0.470000,-0.470000,0.075394
0.470000,-0.460000,0.075886
0.470000,-0.450000,0.076361
0.470000,-0.440000,0.076818
0.470000,-0.430000,0.077259
0.470000,-0.420000,0.077684
0.470000,-0.410000,0.078095
0.470000,-0.400000,0.078492
0.470000,-0.390000,0.078877
0.470000,-0.380000,0.079250
0.470000,-0.370000,0.079608
0.470000,-0.360000,0.079953
0.470000,-0.350000,0.080284
0.470000,-0.340000,0.080603
0.470000,-0.330000,0.080908
0.470000,-0.320000,0.081200
0.470000,-0.310000,0.081457
0.470000,-0.300000,0.081683
0.470000,-0.290000,0.081929
0.470000,-0.280000,0.082123
0.470000,-0.270000,0.082311
0.470000,-0.260000,0.082476
0.470000,-0.250000,0.082592
0.470000,-0.240000,0.082698
0.470000,-0.230000,0.082774
0.470000,-0.220000,0.082790
0.470000,-0.210000,0.082777
0.470000,-0.200000,0.082717
0.470000,-0.190000,0.082631
0.470000,-0.180000,0.082478
0.470000,-0.170000,0.082293
0.470000,-0.160000,0.082055
0.470000,-0.150000,0.081737
0.470000,-0.140000,0.081377
0.470000,-0.130000,0.080931
0.470000,-0.120000,0.080433
0.470000,-0.110000,0.079842
0.470000,-0.100000,0.079175
0.470000,-0.090000,0.078432
0.470000,-0.080000,0.077594
0.470000,-0.070000,0.076672
0.470000,-0.060000,0.075646
0.470000,-0.050000,0.074520
0.470000,-0.040000,0.073280
0.470000,-0.030000,0.071934
0.470000,-0.020000,0.070460
0.470000,-0.010000,0.068867
0.470000,0.000000,0.067133
0.470000,0.010000,0.065268
0.470000,0.020000,0.063256
0.470000,0.030000,0.061095
0.470000,0.040000,0.058770
0.470000,0.050000,0.056276
0.470000,0.060000,0.053603
0.470000,0.070000,0.050739
0.470000,0.080000,0.047666
0.470000,0.090000,0.044357
0.470000,0.100000,0.040817
0.470000,0.110000,0.037009
0.470000,0.120000,0.032884
0.470000,0.130000,0.028371
0.470000,0.140000,0.000000
0.470000,0.150000,0.000000
0.470000,0.160000,0.000000
0.470000,0.170000,0.000000
0.470000,0.180000,0.000000
0.470000,0.190000,0.000000
0.470000,0.200000,0.000000
0.470000,0.210000,0.000000
0.470000,0.220000,0.000000
0.470000,0.230000,0.000000
0.470000,0.240000,0.000000
0.470000,0.250000,0.000000
0.470000,0.260000,0.000000
0.470000,0.270000,0.000000
0.470000,0.280000,0.000000
0.470000,0.290000,0.000000
0.470000,0.300000,0.000000
0.470000,0.310000,0.000000
0.470000,0.320000,0.000000
0.470000,0.330000,0.000000
0.470000,0.340000,0.000000
0.470000,0.350000,0.000000
0.470000,0.360000,0.000000
0.470000,0.370000,0.000000
0.470000,0.380000,0.000000
0.470000,0.390000,0.000000
0.470000,0.400000,0.000000
0.470000,0.410000,0.000000
0.470000,0.420000,0.000000
0.470000,0.430000,0.000000
0.470000,0.440000,0.000000
0.470000,0.450000,0.000000
0.470000,0.460000,0.000000
0.480000,-1.030000,0.000000
0.480000,-1.020000,0.000000
0.480000,-1.010000,0.000000
0.480000,-1.000000,0.000000
0.480000,-0.990000,0.000000
0.480000,-0.980000,0.000000
0.480000,-0.970000,0.000000
0.480000,-0.960000,0.000000
0.480000,-0.950000,0.000000
0.480000,-0.940000,0.000000
0.480000,-0.930000,0.000000
0.480000,-0.920000,0.000000
0.480000,-0.910000,0.000000
0.480000,-0.900000,0.000000
0.480000,-0.890000,0.000000
0.480000,-0.880000,0.000000
0.480000,-0.870000,0.000000
0.480000,-0.860000,0.000000
0.480000,-0.850000,0.000000
0.480000,-0.840000,0.000000
0.480000,-0.830000,0.000000
0.480000,-0.820000,0.000000
0.480000,-0.810000,0.000000
0.480000,-0.800000,0.000000
0.480000,-0.790000,0.000000
0.480000,-0.780000,0.000000
0.480000,-0.770000,0.000000
0.480000,-0.760000,0.000000
0.480000,-0.750000,0.000000
0.480000,-0.740000,0.000000
0.480000,-0.730000,0.000000
0.480000,-0.720000,0.020255
0.480000,-0.710000,0.031694
0.480000,-0.700000,0.038986
0.480000,-0.690000,0.044418
0.480000,-0.680000,0.048760
0.480000,-0.670000,0.052345
0.480000,-0.660000,0.055393
0.480000,-0.650000,0.058010
0.480000,-0.640000,0.060284
0.480000,-0.630000,0.062223
0.480000,-0.620000,0.063898
0.480000,-0.610000,0.065418
0.480000,-0.600000,0.066779
0.480000,-0.590000,0.067999
0.480000,-0.580000,0.069107
0.480000,-0.570000,0.070122
0.480000,-0.560000,0.071093
0.480000,-0.550000,0.071954
0.480000,-0.540000,0.072759
0.480000,-0.530000,0.073513
0.480000,-0.520000,0.074251
0.480000,-0.510000,0.074915
0.480000,-0.500000,0.075546
0.480000,-0.490000,0.076147
0.480000,-0.480000,0.076698
0.480000,-0.470000,0.077243
0.480000,-0.460000,0.077764
0.480000,-0.450000,0.078270
0.480000,-0.440000,0.078746
0.480000,-0.430000,0.079202
0.480000,-0.420000,0.079640
0.480000,-0.410000,0.080061
0.480000,-0.400000,0.080465
0.480000,-0.390000,0.080848
0.480000,-0.380000,0.081219
0.480000,-0.370000,0.081574
0.480000,-0.360000,0.081913
0.480000,-0.350000,0.082235
0.480000,-0.340000,0.082542
0.480000,-0.330000,0.082833
0.480000,-0.320000,0.083088
0.480000,-0.310000,0.083337
0.480000,-0.300000,0.083566
0.480000,-0.290000,0.083756
0.480000,-0.280000,0.083919
0.480000,-0.270000,0.084073
0.480000,-0.260000,0.084200
0.480000,-0.250000,0.084275
0.480000,-0.240000,0.084337
0.480000,-0.230000,0.084366
0.480000,-0.220000,0.084331
0.480000,-0.210000,0.084279
0.480000,-0.200000,0.084148
0.480000,-0.190000,0.084004
0.480000,-0.180000,0.083789
0.480000,-0.170000,0.083538
0.480000,-0.160000,0.083212
0.480000,-0.150000,0.082841
0.480000,-0.140000,0.082406
0.480000,-0.130000,0.081883
0.480000,-0.120000,0.081303
0.480000,-0.110000,0.080629
0.480000,-0.100000,0.079876
0.480000,-0.090000,0.079046
0.480000,-0.080000,0.078113
0.480000,-0.070000,0.077093
0.480000,-0.060000,0.075964
0.480000,-0.050000,0.074735
0.480000,-0.040000,0.073388
0.480000,-0.030000,0.071929
0.480000,-0.020000,0.070341
0.480000,-0.010000,0.068626
0.480000,0.000000,0.066773
0.480000,0.010000,0.064780
0.480000,0.020000,0.062638
0.480000,0.030000,0.060338
0.480000,0.040000,0.057872
0.480000,0.050000,0.055226
0.480000,0.060000,0.052396
0.480000,0.070000,0.049353
0.480000,0.080000,0.046101
0.480000,0.090000,0.042616
0.480000,0.100000,0.038875
0.480000,0.110000,0.034835
0.480000,0.120000,0.030439
0.480000,0.130000,0.000000
0.480000,0.140000,0.000000
0.480000,0.150000,0.000000
0.480000,0.160000,0.000000
0.480000,0.170000,0.000000
0.480000,0.180000,0.000000
0.480000,0.190000,0.000000
0.480000,0.200000,0.000000
0.480000,0.210000,0.000000
0.480000,0.220000,0.000000
0.480000,0.230000,0.000000
0.480000,0.240000,0.000000
0.480000,0.250000,0.000000
0.480000,0.260000,0.000000
0.480000,0.270000,0.000000
0.480000,0.280000,0.000000
0.480000,0.290000,0.000000
0.480000,0.300000,0.000000
0.480000,0.310000,0.000000
0.480000,0.320000,0.000000
0.480000,0.330000,0.000000
0.480000,0.340000,0.000000
0.480000,0.350000,0.000000
0.480000,0.360000,0.000000
0.480000,0.370000,0.000000
0.480000,0.380000,0.000000
0.480000,0.390000,0.000000
0.480000,0.400000,0.000000
0.480000,0.410000,0.000000
0.480000,0.420000,0.000000
0.480000,0.430000,0.000000
0.480000,0.440000,0.000000
0.480000,0.450000,0.000000
0.480000,0.460000,0.000000
0.490000,-1.030000,0.000000
0.490000,-1.020000,0.000000
0.490000,-1.010000,0.000000
0.490000,-1.000000,0.000000
0.490000,-0.990000,0.000000
0.490000,-0.980000,0.000000
0.490000,-0.970000,0.000000
0.490000,-0.960000,0.000000
0.490000,-0.950000,0.000000
0.490000,-0.940000,0.000000
0.490000,-0.930000,0.000000
0.490000,-0.920000,0.000000
0.490000,-0.910000,0.000000
0.490000,-0.900000,0.000000
0.490000,-0.890000,0.000000
0.490000,-0.880000,0.000000
0.490000,-0.870000,0.000000
0.490000,-0.860000,0.000000
0.490000,-0.850000,0.000000
0.490000,-0.840000,0.000000
0.490000,-0.830000,0.000000
0.490000,-0.820000,0.000000
0.490000,-0.810000,0.000000
0.490000,-0.800000,0.000000
0.490000,-0.790000,0.000000
0.490000,-0.780000,0.000000
0.490000,-0.770000,0.000000
0.490000,-0.760000,0.000000
0.490000,-0.750000,0.000000
0.490000,-0.740000,0.000000
0.490000,-0.730000,0.000000
0.490000,-0.720000,0.000000
0.490000,-0.710000,0.025732
0.490000,-0.700000,0.035252
0.490000,-0.690000,0.041859
0.490000,-0.680000,0.046969
0.490000,-0.670000,0.051114
0.490000,-0.660000,0.054582
0.490000,-0.650000,0.057551
0.490000,-0.640000,0.060129
0.490000,-0.630000,0.062375
0.490000,-0.620000,0.064289
0.490000,-0.610000,0.065971
0.490000,-0.600000,0.067499
0.490000,-0.590000,0.068872
0.490000,-0.580000,0.070110
0.490000,-0.570000,0.071238
0.490000,-0.560000,0.072272
0.490000,-0.550000,0.073263
0.490000,-0.540000,0.074144
0.490000,-0.530000,0.074966
0.490000,-0.520000,0.075736
0.490000,-0.510000,0.076491
0.490000,-0.500000,0.077167
0.490000,-0.490000,0.077809
0.490000,-0.480000,0.078417
0.490000,-0.470000,0.078977
0.490000,-0.460000,0.079526
0.490000,-0.450000,0.080049
0.490000,-0.440000,0.080547
0.490000,-0.430000,0.081022
0.490000,-0.420000,0.081474
0.490000,-0.410000,0.081906
0.490000,-0.400000,0.082317
0.490000,-0.390000,0.082708
0.490000,-0.380000,0.083080
0.490000,-0.370000,0.083432
0.490000,-0.360000,0.083765
0.490000,-0.350000,0.084079
0.490000,-0.340000,0.084374
0.490000,-0.330000,0.084632
0.490000,-0.320000,0.084881
0.490000,-0.310000,0.085108
0.490000,-0.300000,0.085312
0.490000,-0.290000,0.085454
0.490000,-0.280000,0.085604
0.490000,-0.270000,0.085723
0.490000,-0.260000,0.085813
0.490000,-0.250000,0.085844
0.490000,-0.240000,0.085862
0.490000,-0.230000,0.085820
0.490000,-0.220000,0.085756
0.490000,-0.210000,0.085650
0.490000,-0.200000,0.085474
0.490000,-0.190000,0.085255
0.490000,-0.180000,0.084976
0.490000,-0.170000,0.084660
0.490000,-0.160000,0.084264
0.490000,-0.150000,0.083819
0.490000,-0.140000,0.083291
0.490000,-0.130000,0.082704
0.490000,-0.120000,0.082043
0.490000,-0.110000,0.081283
0.490000,-0.100000,0.080439
0.490000,-0.090000,0.079515
0.490000,-0.080000,0.078485
0.490000,-0.070000,0.077366
0.490000,-0.060000,0.076134
0.490000,-0.050000,0.074798
0.490000,-0.040000,0.073340
0.490000,-0.030000,0.071766
0.490000,-0.020000,0.070059
0.490000,-0.010000,0.068222
0.490000,0.000000,0.066243
0.490000,0.010000,0.064120
0.490000,0.020000,0.061841
0.490000,0.030000,0.059396
0.490000,0.040000,0.056780
0.490000,0.050000,0.053972
0.490000,0.060000,0.050976
0.490000,0.070000,0.047768
0.490000,0.080000,0.044328
0.490000,0.090000,0.040638
0.490000,0.100000,0.036670
0.490000,0.110000,0.032369
0.490000,0.120000,0.027675
0.490000,0.130000,0.000000
0.490000,0.140000,0.000000
0.490000,0.150000,0.000000
0.490000,0.160000,0.000000
0.490000,0.170000,0.000000
0.490000,0.180000,0.000000
0.490000,0.190000,0.000000
0.490000,0.200000,0.000000
0.490000,0.210000,0.000000
0.490000,0.220000,0.000000
0.490000,0.230000,0.000000
0.490000,0.240000,0.000000
0.490000,0.250000,0.000000
0.490000,0.260000,0.000000
0.490000,0.270000,0.000000
0.490000,0.280000,0.000000
0.490000,0.290000,0.000000
0.490000,0.300000,0.000000
0.490000,0.310000,0.000000
0.490000,0.320000,0.000000
0.490000,0.330000,0.000000
0.490000,0.340000,0.000000
0.490000,0.350000,0.000000
0.490000,0.360000,0.000000
0.490000,0.370000,0.000000
0.490000,0.380000,0.000000
0.490000,0.390000,0.000000
0.490000,0.400000,0.000000
0.490000,0.410000,0.000000
0.490000,0.420000,0.000000
0.490000,0.430000,0.000000
0.490000,0.440000,0.000000
0.490000,0.450000,0.000000
0.490000,0.460000,0.000000
0.500000,-1.030000,0.000000
0.500000,-1.020000,0.000000
0.500000,-1.010000,0.000000
0.500000,-1.000000,0.000000
0.500000,-0.990000,0.000000
0.500000,-0.980000,0.000000
0.500000,-0.970000,0.000000
0.500000,-0.960000,0.000000
0.500000,-0.950000,0.000000
0.500000,-0.940000,0.000000
0.500000,-0.930000,0.000000
0.500000,-0.920000,0.000000
0.500000,-0.910000,0.000000
0.500000,-0.900000,0.000000
0.500000,-0.890000,0.000000
0.500000,-0.880000,0.000000
0.500000,-0.870000,0.000000
0.500000,-0.860000,0.000000
0.500000,-0.850000,0.000000
0.500000,-0.840000,0.000000
0.500000,-0.830000,0.000000
0.500000,-0.820000,0.000000
0.500000,-0.810000,0.000000
0.500000,-0.800000,0.000000
0.500000,-0.790000,0.000000
0.500000,-0.780000,0.000000
0.500000,-0.770000,0.000000
0.500000,-0.760000,0.000000
0.500000,-0.750000,0.000000
0.500000,-0.740000,0.000000
0.500000,-0.730000,0.000000
0.500000,-0.720000,0.000000
0.500000,-0.710000,0.000000
0.500000,-0.700000,0.029894
0.500000,-0.690000,0.038286
0.500000,-0.680000,0.044435
0.500000,-0.670000,0.049270
0.500000,-0.660000,0.053269
0.500000,-0.650000,0.056667
0.500000,-0.640000,0.059585
0.500000,-0.630000,0.062129
0.500000,-0.620000,0.064350
0.500000,-0.610000,0.066265
0.500000,-0.600000,0.067950
0.500000,-0.590000,0.069491
0.500000,-0.580000,0.070878
0.500000,-0.570000,0.072135
0.500000,-0.560000,0.073283
0.500000,-0.550000,0.074337
0.500000,-0.540000,0.075347
0.500000,-0.530000,0.076246
0.500000,-0.520000,0.077084
0.500000,-0.510000,0.077869
0.500000,-0.500000,0.078606
0.500000,-0.490000,0.079326
0.500000,-0.480000,0.079975
0.500000,-0.470000,0.080589
0.500000,-0.460000,0.081153
0.500000,-0.450000,0.081702
0.500000,-0.440000,0.082224
0.500000,-0.430000,0.082718
0.500000,-0.420000,0.083186
0.500000,-0.410000,0.083630
0.500000,-0.400000,0.084049
0.500000,-0.390000,0.084445
0.500000,-0.380000,0.084819
0.500000,-0.370000,0.085169
0.500000,-0.360000,0.085498
0.500000,-0.350000,0.085804
0.500000,-0.340000,0.086067
0.500000,-0.330000,0.086322
0.500000,-0.320000,0.086553
0.500000,-0.310000,0.086759
0.500000,-0.300000,0.086938
0.500000,-0.290000,0.087047
0.500000,-0.280000,0.087162
0.500000,-0.270000,0.087250
0.500000,-0.260000,0.087277
0.500000,-0.250000,0.087288
0.500000,-0.240000,0.087260
0.500000,-0.230000,0.087169
0.500000,-0.220000,0.087053
0.500000,-0.210000,0.086891
0.500000,-0.200000,0.086656
0.500000,-0.190000,0.086375
0.500000,-0.180000,0.086031
0.500000,-0.170000,0.085644
0.500000,-0.160000,0.085176
0.500000,-0.150000,0.084656
0.500000,-0.140000,0.084049
0.500000,-0.130000,0.083385
0.500000,-0.120000,0.082623
0.500000,-0.110000,0.081787
0.500000,-0.100000,0.080852
0.500000,-0.090000,0.079830
0.500000,-0.080000,0.078703
0.500000,-0.070000,0.077483
0.500000,-0.060000,0.076144
0.500000,-0.050000,0.074698
0.500000,-0.040000,0.073125
0.500000,-0.030000,0.071433
0.500000,-0.020000,0.069608
0.500000,-0.010000,0.067641
0.500000,0.000000,0.065533
0.500000,0.010000,0.063270
0.500000,0.020000,0.060847
0.500000,0.030000,0.058255
0.500000,0.040000,0.055473
0.500000,0.050000,0.052508
0.500000,0.060000,0.049337
0.500000,0.070000,0.045941
0.500000,0.080000,0.042304
0.500000,0.090000,0.038390
0.500000,0.100000,0.034181
0.500000,0.110000,0.029583
0.500000,0.120000,0.024529
0.500000,0.130000,0.000000
0.500000,0.140000,0.000000
0.500000,0.150000,0.000000
0.500000,0.160000,0.000000
0.500000,0.170000,0.000000
0.500000,0.180000,0.000000
0.500000,0.190000,0.000000
0.500000,0.200000,0.000000
0.500000,0.210000,0.000000
0.500000,0.220000,0.000000
0.500000,0.230000,0.000000
0.500000,0.240000,0.000000
0.500000,0.250000,0.000000
0.500000,0.260000,0.000000
0.500000,0.270000,0.000000
0.500000,0.280000,0.000000
0.500000,0.290000,0.000000
0.500000,0.300000,0.000000
0.500000,0.310000,0.000000
0.500000,0.320000,0.000000
0.500000,0.330000,0.000000
0.500000,0.340000,0.000000
0.500000,0.350000,0.000000
0.500000,0.360000,0.000000
0.500000,0.370000,0.000000
0.500000,0.380000,0.000000
0.500000,0.390000,0.000000
0.500000,0.400000,0.000000
0.500000,0.410000,0.000000
0.500000,0.420000,0.000000
0.500000,0.430000,0.000000
0.500000,0.440000,0.000000
0.500000,0.450000,0.000000
0.500000,0.460000,0.000000
0.510000,-1.030000,0.000000
0.510000,-1.020000,0.000000
0.510000,-1.010000,0.000000
0.510000,-1.000000,0.000000
0.510000,-0.990000,0.000000
0.510000,-0.980000,0.000000
0.510000,-0.970000,0.000000
0.510000,-0.960000,0.000000
0.510000,-0.950000,0.000000
0.510000,-0.940000,0.000000
0.510000,-0.930000,0.000000
0.510000,-0.920000,0.000000
0.510000,-0.910000,0.000000
0.510000,-0.900000,0.000000
0.510000,-0.890000,0.000000
0.510000,-0.880000,0.000000
0.510000,-0.870000,0.000000
0.510000,-0.860000,0.000000
0.510000,-0.850000,0.000000
0.510000,-0.840000,0.000000
0.510000,-0.830000,0.000000
0.510000,-0.820000,0.000000
0.510000,-0.810000,0.000000
0.510000,-0.800000,0.000000
0.510000,-0.790000,0.000000
0.510000,-0.780000,0.000000
0.510000,-0.770000,0.000000
0.510000,-0.760000,0.000000
0.510000,-0.750000,0.000000
0.510000,-0.740000,0.000000
0.510000,-0.730000,0.000000
0.510000,-0.720000,0.000000
0.510000,-0.710000,0.000000
0.510000,-0.700000,0.021456
0.510000,-0.690000,0.033244
0.510000,-0.680000,0.040906
0.510000,-0.670000,0.046709
0.510000,-0.660000,0.051377
0.510000,-0.650000,0.055267
0.510000,-0.640000,0.058590
0.510000,-0.630000,0.061479
0.510000,-0.620000,0.064002
0.510000,-0.610000,0.066176
0.510000,-0.600000,0.068130
0.510000,-0.590000,0.069824
0.510000,-0.580000,0.071379
0.510000,-0.570000,0.072783
0.510000,-0.560000,0.074058
0.510000,-0.550000,0.075227
0.510000,-0.540000,0.076300
0.510000,-0.530000,0.077329
0.510000,-0.520000,0.078244
0.510000,-0.510000,0.079097
0.510000,-0.500000,0.079893
0.510000,-0.490000,0.080640
0.510000,-0.480000,0.081341
0.510000,-0.470000,0.082028
0.510000,-0.460000,0.082644
0.510000,-0.450000,0.083208
0.510000,-0.440000,0.083757
0.510000,-0.430000,0.084272
0.510000,-0.420000,0.084758
0.510000,-0.410000,0.085215
0.510000,-0.400000,0.085644
0.510000,-0.390000,0.086047
0.510000,-0.380000,0.086423
0.510000,-0.370000,0.086773
0.510000,-0.360000,0.087076
0.510000,-0.350000,0.087371
0.510000,-0.340000,0.087639
0.510000,-0.330000,0.087879
0.510000,-0.320000,0.088092
0.510000,-0.310000,0.088276
0.510000,-0.300000,0.088404
0.510000,-0.290000,0.088521
0.510000,-0.280000,0.088589
0.510000,-0.270000,0.088615
0.510000,-0.260000,0.088626
0.510000,-0.250000,0.088594
0.510000,-0.240000,0.088500
0.510000,-0.230000,0.088378
0.510000,-0.220000,0.088209
0.510000,-0.210000,0.087970
0.510000,-0.200000,0.087695
0.510000,-0.190000,0.087364
0.510000,-0.180000,0.086939
0.510000,-0.170000,0.086482
0.510000,-0.160000,0.085942
0.510000,-0.150000,0.085350
0.510000,-0.140000,0.084662
0.510000,-0.130000,0.083909
0.510000,-0.120000,0.083059
0.510000,-0.110000,0.082133
0.510000,-0.100000,0.081099
0.510000,-0.090000,0.079982
0.510000,-0.080000,0.078757
0.510000,-0.070000,0.077428
0.510000,-0.060000,0.075981
0.510000,-0.050000,0.074419
0.510000,-0.040000,0.072735
0.510000,-0.030000,0.070916
0.510000,-0.020000,0.068964
0.510000,-0.010000,0.066867
0.510000,0.000000,0.064622
0.510000,0.010000,0.062218
0.510000,0.020000,0.059644
0.510000,0.030000,0.056889
0.510000,0.040000,0.053952
0.510000,0.050000,0.050815
0.510000,0.060000,0.047459
0.510000,0.070000,0.043856
0.510000,0.080000,0.040003
0.510000,0.090000,0.035851
0.510000,0.100000,0.031343
0.510000,0.110000,0.026417
0.510000,0.120000,0.000000
0.510000,0.130000,0.000000
0.510000,0.140000,0.000000
0.510000,0.150000,0.000000
0.510000,0.160000,0.000000
0.510000,0.170000,0.000000
0.510000,0.180000,0.000000
0.510000,0.190000,0.000000
0.510000,0.200000,0.000000
0.510000,0.210000,0.000000
0.510000,0.220000,0.000000
0.510000,0.230000,0.000000
0.510000,0.240000,0.000000
0.510000,0.250000,0.000000
0.510000,0.260000,0.000000
0.510000,0.270000,0.000000
0.510000,0.280000,0.000000
0.510000,0.290000,0.000000
0.510000,0.300000,0.000000
0.510000,0.310000,0.000000
0.510000,0.320000,0.000000
0.510000,0.330000,0.000000
0.510000,0.340000,0.000000
0.510000,0.350000,0.000000
0.510000,0.360000,0.000000
0.510000,0.370000,0.000000
0.510000,0.380000,0.000000
0.510000,0.390000,0.000000
0.510000,0.400000,0.000000
0.510000,0.410000,0.000000
0.510000,0.420000,0.000000
0.510000,0.430000,0.000000
0.510000,0.440000,0.000000
0.510000,0.450000,0.000000
0.510000,0.460000,0.000000
0.520000,-1.030000,0.000000
0.520000,-1.020000,0.000000
0.520000,-1.010000,0.000000
0.520000,-1.000000,0.000000
0.520000,-0.990000,0.000000
0.520000,-0.980000,0.000000
0.520000,-0.970000,0.000000
0.520000,-0.960000,0.000000
0.520000,-0.950000,0.000000
0.520000,-0.940000,0.000000
0.520000,-0.930000,0.000000
0.520000,-0.920000,0.000000
0.520000,-0.910000,0.000000
0.520000,-0.900000,0.000000
0.520000,-0.890000,0.000000
0.520000,-0.880000,0.000000
0.520000,-0.870000,0.000000
0.520000,-0.860000,0.000000
0.520000,-0.850000,0.000000
0.520000,-0.840000,0.000000
0.520000,-0.830000,0.000000
0.520000,-0.820000,0.000000
0.520000,-0.810000,0.000000
0.520000,-0.800000,0.000000
0.520000,-0.790000,0.000000
0.520000,-0.780000,0.000000
0.520000,-0.770000,0.000000
0.520000,-0.760000,0.000000
0.520000,-0.750000,0.000000
0.520000,-0.740000,0.000000
0.520000,-0.730000,0.000000
0.520000,-0.720000,0.000000
0.520000,-0.710000,0.000000
0.520000,-0.700000,0.000000
0.520000,-0.690000,0.025692
0.520000,-0.680000,0.036027
0.520000,-0.670000,0.043186
0.520000,-0.660000,0.048720
0.520000,-0.650000,0.053251
0.520000,-0.640000,0.057081
0.520000,-0.630000,0.060361
0.520000,-0.620000,0.063224
0.520000,-0.610000,0.065729
0.520000,-0.600000,0.067908
0.520000,-0.590000,0.069830
0.520000,-0.580000,0.071576
0.520000,-0.570000,0.073148
0.520000,-0.560000,0.074571
0.520000,-0.550000,0.075866
0.520000,-0.540000,0.077053
0.520000,-0.530000,0.078144
0.520000,-0.520000,0.079152
0.520000,-0.510000,0.080122
0.520000,-0.500000,0.080987
0.520000,-0.490000,0.081793
0.520000,-0.480000,0.082546
0.520000,-0.470000,0.083252
0.520000,-0.460000,0.083912
0.520000,-0.450000,0.084517
0.520000,-0.440000,0.085096
0.520000,-0.430000,0.085641
0.520000,-0.420000,0.086148
0.520000,-0.410000,0.086622
0.520000,-0.400000,0.087063
0.520000,-0.390000,0.087473
0.520000,-0.380000,0.087852
0.520000,-0.370000,0.088200
0.520000,-0.360000,0.088518
0.520000,-0.350000,0.088806
0.520000,-0.340000,0.089063
0.520000,-0.330000,0.089289
0.520000,-0.320000,0.089461
0.520000,-0.310000,0.089619
0.520000,-0.300000,0.089743
0.520000,-0.290000,0.089831
0.520000,-0.280000,0.089846
0.520000,-0.270000,0.089854
0.520000,-0.260000,0.089821
0.520000,-0.250000,0.089745
0.520000,-0.240000,0.089606
0.520000,-0.230000,0.089434
0.520000,-0.220000,0.089212
0.520000,-0.210000,0.088913
0.520000,-0.200000,0.088577
0.520000,-0.190000,0.088163
0.520000,-0.180000,0.087695
0.520000,-0.170000,0.087167
0.520000,-0.160000,0.086550
0.520000,-0.150000,0.085873
0.520000,-0.140000,0.085104
0.520000,-0.130000,0.084264
0.520000,-0.120000,0.083325
0.520000,-0.110000,0.082300
0.520000,-0.100000,0.081175
0.520000,-0.090000,0.079959
0.520000,-0.080000,0.078627
0.520000,-0.070000,0.077189
0.520000,-0.060000,0.075630
0.520000,-0.050000,0.073952
0.520000,-0.040000,0.072146
0.520000,-0.030000,0.070201
0.520000,-0.020000,0.068118
0.520000,-0.010000,0.065884
0.520000,0.000000,0.063496
0.520000,0.010000,0.060938
0.520000,0.020000,0.058210
0.520000,0.030000,0.055297
0.520000,0.040000,0.052186
0.520000,0.050000,0.048866
0.520000,0.060000,0.045309
0.520000,0.070000,0.041488
0.520000,0.080000,0.037391
0.520000,0.090000,0.032968
0.520000,0.100000,0.028132
0.520000,0.110000,0.022764
0.520000,0.120000,0.000000
0.520000,0.130000,0.000000
0.520000,0.140000,0.000000
0.520000,0.150000,0.000000
0.520000,0.160000,0.000000
0.520000,0.170000,0.000000
0.520000,0.180000,0.000000
0.520000,0.190000,0.000000
0.520000,0.200000,0.000000
0.520000,0.210000,0.000000
0.520000,0.220000,0.000000
0.520000,0.230000,0.000000
0.520000,0.240000,0.000000
0.520000,0.250000,0.000000
0.520000,0.260000,0.000000
0.520000,0.270000,0.000000
0.520000,0.280000,0.000000
0.520000,0.290000,0.000000
0.520000,0.300000,0.000000
0.520000,0.310000,0.000000
0.520000,0.320000,0.000000
0.520000,0.330000,0.000000
0.520000,0.340000,0.000000
0.520000,0.350000,0.000000
0.520000,0.360000,0.000000
0.520000,0.370000,0.000000
0.520000,0.380000,0.000000
0.520000,0.390000,0.000000
0.520000,0.400000,0.000000
0.520000,0.410000,0.000000
0.520000,0.420000,0.000000
0.520000,0.430000,0.000000
0.520000,0.440000,0.000000
0.520000,0.450000,0.000000
0.520000,0.460000,0.000000
0.530000,-1.030000,0.000000
0.530000,-1.020000,0.000000
0.530000,-1.010000,0.000000
0.530000,-1.000000,0.000000
0.530000,-0.990000,0.000000
0.530000,-0.980000,0.000000
0.530000,-0.970000,0.000000
0.530000,-0.960000,0.000000
0.530000,-0.950000,0.000000
0.530000,-0.940000,0.000000
0.530000,-0.930000,0.000000
0.530000,-0.920000,0.000000
0.530000,-0.910000,0.000000
0.530000,-0.900000,0.000000
0.530000,-0.890000,0.000000
0.530000,-0.880000,0.000000
0.530000,-0.870000,0.000000
0.530000,-0.860000,0.000000
0.530000,-0.850000,0.000000
0.530000,-0.840000,0.000000
0.530000,-0.830000,0.000000
0.530000,-0.820000,0.000000
0.530000,-0.810000,0.000000
0.530000,-0.800000,0.000000
0.530000,-0.790000,0.000000
0.530000,-0.780000,0.000000
0.530000,-0.770000,0.000000
0.530000,-0.760000,0.000000
0.530000,-0.750000,0.000000
0.530000,-0.740000,0.000000
0.530000,-0.730000,0.000000
0.530000,-0.720000,0.000000
0.530000,-0.710000,0.000000
0.530000,-0.700000,0.000000
0.530000,-0.690000,0.000000
0.530000,-0.680000,0.028885
0.530000,-0.670000,0.038321
0.530000,-0.660000,0.045122
0.530000,-0.650000,0.050497
0.530000,-0.640000,0.054930
0.530000,-0.630000,0.058704
0.530000,-0.620000,0.061957
0.530000,-0.610000,0.064799
0.530000,-0.600000,0.067310
0.530000,-0.590000,0.069495
0.530000,-0.580000,0.071428
0.530000,-0.570000,0.073191
0.530000,-0.560000,0.074781
0.530000,-0.550000,0.076225
0.530000,-0.540000,0.077537
0.530000,-0.530000,0.078742
0.530000,-0.520000,0.079851
0.530000,-0.510000,0.080874
0.530000,-0.500000,0.081821
0.530000,-0.490000,0.082734
0.530000,-0.480000,0.083548
0.530000,-0.470000,0.084305
0.530000,-0.460000,0.085012
0.530000,-0.450000,0.085670
0.530000,-0.440000,0.086271
0.530000,-0.430000,0.086842
0.530000,-0.420000,0.087375
0.530000,-0.410000,0.087868
0.530000,-0.400000,0.088324
0.530000,-0.390000,0.088744
0.530000,-0.380000,0.089129
0.530000,-0.370000,0.089479
0.530000,-0.360000,0.089795
0.530000,-0.350000,0.090077
0.530000,-0.340000,0.090324
0.530000,-0.330000,0.090510
0.530000,-0.320000,0.090684
0.530000,-0.310000,0.090820
0.530000,-0.300000,0.090919
0.530000,-0.290000,0.090956
0.530000,-0.280000,0.090956
0.530000,-0.270000,0.090929
0.530000,-0.260000,0.090856
0.530000,-0.250000,0.090714
0.530000,-0.240000,0.090542
0.530000,-0.230000,0.090319
0.530000,-0.220000,0.090021
0.530000,-0.210000,0.089683
0.530000,-0.200000,0.089285
0.530000,-0.190000,0.088803
0.530000,-0.180000,0.088272
0.530000,-0.170000,0.087654
0.530000,-0.160000,0.086976
0.530000,-0.150000,0.086219
0.530000,-0.140000,0.085365
0.530000,-0.130000,0.084437
0.530000,-0.120000,0.083400
0.530000,-0.110000,0.082285
0.530000,-0.100000,0.081063
0.530000,-0.090000,0.079741
0.530000,-0.080000,0.078301
0.530000,-0.070000,0.076751
0.530000,-0.060000,0.075076
0.530000,-0.050000,0.073277
0.530000,-0.040000,0.071345
0.530000,-0.030000,0.069270
0.530000,-0.020000,0.067051
0.530000,-0.010000,0.064677
0.530000,0.000000,0.062134
0.530000,0.010000,0.059425
0.530000,0.020000,0.056535
0.530000,0.030000,0.053449
0.530000,0.040000,0.050153
0.530000,0.050000,0.046628
0.530000,0.060000,0.042852
0.530000,0.070000,0.038804
0.530000,0.080000,0.034432
0.530000,0.090000,0.029678
0.530000,0.100000,0.024432
0.530000,0.110000,0.000000
0.530000,0.120000,0.000000
0.530000,0.130000,0.000000
0.530000,0.140000,0.000000
0.530000,0.150000,0.000000
0.530000,0.160000,0.000000
0.530000,0.170000,0.000000
0.530000,0.180000,0.000000
0.530000,0.190000,0.000000
0.530000,0.200000,0.000000
0.530000,0.210000,0.000000
0.530000,0.220000,0.000000
0.530000,0.230000,0.000000
0.530000,0.240000,0.000000
0.530000,0.250000,0.000000
0.530000,0.260000,0.000000
0.530000,0.270000,0.000000
0.530000,0.280000,0.000000
0.530000,0.290000,0.000000
0.530000,0.300000,0.000000
0.530000,0.310000,0.000000
0.530000,0.320000,0.000000
0.530000,0.330000,0.000000
0.530000,0.340000,0.000000
0.530000,0.350000,0.000000
0.530000,0.360000,0.000000
0.530000,0.370000,0.000000
0.530000,0.380000,0.000000
0.530000,0.390000,0.000000
0.530000,0.400000,0.000000
0.530000,0.410000,0.000000
0.530000,0.420000,0.000000
0.530000,0.430000,0.000000
0.530000,0.440000,0.000000
0.530000,0.450000,0.000000
0.530000,0.460000,0.000000
0.540000,-1.030000,0.000000
0.540000,-1.020000,0.000000
0.540000,-1.010000,0.000000
0.540000,-1.000000,0.000000
0.540000,-0.990000,0.000000
0.540000,-0.980000,0.000000
0.540000,-0.970000,0.000000
0.540000,-0.960000,0.000000
0.540000,-0.950000,0.000000
0.540000,-0.940000,0.000000
0.540000,-0.930000,0.000000
0.540000,-0.920000,0.000000
0.540000,-0.910000,0.000000
0.540000,-0.900000,0.000000
0.540000,-0.890000,0.000000
0.540000,-0.880000,0.000000
0.540000,-0.870000,0.000000
0.540000,-0.860000,0.000000
0.540000,-0.850000,0.000000
0.540000,-0.840000,0.000000
0.540000,-0.830000,0.000000
0.540000,-0.820000,0.000000
0.540000,-0.810000,0.000000
0.540000,-0.800000,0.000000
0.540000,-0.790000,0.000000
0.540000,-0.780000,0.000000
0.540000,-0.770000,0.000000
0.540000,-0.760000,0.000000
0.540000,-0.750000,0.000000
0.540000,-0.740000,0.000000
0.540000,-0.730000,0.000000
0.540000,-0.720000,0.000000
0.540000,-0.710000,0.000000
0.540000,-0.700000,0.000000
0.540000,-0.690000,0.000000
0.540000,-0.680000,0.016382
0.540000,-0.670000,0.031345
0.540000,-0.660000,0.040192
0.540000,-0.650000,0.046764
0.540000,-0.640000,0.052015
0.540000,-0.630000,0.056384
0.540000,-0.620000,0.060115
0.540000,-0.610000,0.063364
0.540000,-0.600000,0.066205
0.540000,-0.590000,0.068722
0.540000,-0.580000,0.070918
0.540000,-0.570000,0.072867
0.540000,-0.560000,0.074649
0.540000,-0.550000,0.076260
0.540000,-0.540000,0.077724
0.540000,-0.530000,0.079059
0.540000,-0.520000,0.080278
0.540000,-0.510000,0.081402
0.540000,-0.500000,0.082438
0.540000,-0.490000,0.083394
0.540000,-0.480000,0.084280
0.540000,-0.470000,0.085101
0.540000,-0.460000,0.085863
0.540000,-0.450000,0.086600
0.540000,-0.440000,0.087253
0.540000,-0.430000,0.087846
0.540000,-0.420000,0.088404
0.540000,-0.410000,0.088919
0.540000,-0.400000,0.089395
0.540000,-0.390000,0.089828
0.540000,-0.380000,0.090221
0.540000,-0.370000,0.090575
0.540000,-0.360000,0.090864
0.540000,-0.350000,0.091139
0.540000,-0.340000,0.091375
0.540000,-0.330000,0.091571
0.540000,-0.320000,0.091727
0.540000,-0.310000,0.091843
0.540000,-0.300000,0.091893
0.540000,-0.290000,0.091920
0.540000,-0.280000,0.091887
0.540000,-0.270000,0.091823
0.540000,-0.260000,0.091689
0.540000,-0.250000,0.091522
0.540000,-0.240000,0.091303
0.540000,-0.230000,0.091007
0.540000,-0.220000,0.090671
0.540000,-0.210000,0.090274
0.540000,-0.200000,0.089794
0.540000,-0.190000,0.089263
0.540000,-0.180000,0.088660
0.540000,-0.170000,0.087967
0.540000,-0.160000,0.087210
0.540000,-0.150000,0.086357
0.540000,-0.140000,0.085432
0.540000,-0.130000,0.084403
0.540000,-0.120000,0.083288
0.540000,-0.110000,0.082070
0.540000,-0.100000,0.080743
0.540000,-0.090000,0.079313
0.540000,-0.080000,0.077763
0.540000,-0.070000,0.076098
0.540000,-0.060000,0.074303
0.540000,-0.050000,0.072379
0.540000,-0.040000,0.070316
0.540000,-0.030000,0.068106
0.540000,-0.020000,0.065744
0.540000,-0.010000,0.063218
0.540000,0.000000,0.060526
0.540000,0.010000,0.057652
0.540000,0.020000,0.054587
0.540000,0.030000,0.051318
0.540000,0.040000,0.047822
0.540000,0.050000,0.044074
0.540000,0.060000,0.040065
0.540000,0.070000,0.035741
0.540000,0.080000,0.031051
0.540000,0.090000,0.025888
0.540000,0.100000,0.020032
0.540000,0.110000,0.000000
0.540000,0.120000,0.000000
0.540000,0.130000,0.000000
0.540000,0.140000,0.000000
0.540000,0.150000,0.000000
0.540000,0.160000,0.000000
0.540000,0.170000,0.000000
0.540000,0.180000,0.000000
0.540000,0.190000,0.000000
0.540000,0.200000,0.000000
0.540000,0.210000,0.000000
0.540000,0.220000,0.000000
0.540000,0.230000,0.000000
0.540000,0.240000,0.000000
0.540000,0.250000,0.000000
0.540000,0.260000,0.000000
0.540000,0.270000,0.000000
0.540000,0.280000,0.000000
0.540000,0.290000,0.000000
0.540000,0.300000,0.000000
0.540000,0.310000,0.000000
0.540000,0.320000,0.000000
0.540000,0.330000,0.000000
0.540000,0.340000,0.000000
0.540000,0.350000,0.000000
0.540000,0.360000,0.000000
0.540000,0.370000,0.000000
0.540000,0.380000,0.000000
0.540000,0.390000,0.000000
0.540000,0.400000,0.000000
0.540000,0.410000,0.000000
0.540000,0.420000,0.000000
0.540000,0.430000,0.000000
0.540000,0.440000,0.000000
0.540000,0.450000,0.000000
0.540000,0.460000,0.000000
0.550000,-1.030000,0.000000
0.550000,-1.020000,0.000000
0.550000,-1.010000,0.000000
0.550000,-1.000000,0.000000
0.550000,-0.990000,0.000000
0.550000,-0.980000,0.000000
0.550000,-0.970000,0.000000
0.550000,-0.960000,0.000000
0.550000,-0.950000,0.000000
0.550000,-0.940000,0.000000
0.550000,-0.930000,0.000000
0.550000,-0.920000,0.000000
0.550000,-0.910000,0.000000
0.550000,-0.900000,0.000000
0.550000,-0.890000,0.000000
0.550000,-0.880000,0.000000
0.550000,-0.870000,0.000000
0.550000,-0.860000,0.000000
0.550000,-0.850000,0.000000
0.550000,-0.840000,0.000000
0.550000,-0.830000,0.000000
0.550000,-0.820000,0.000000
0.550000,-0.810000,0.000000
0.550000,-0.800000,0.000000
0.550000,-0.790000,0.000000
0.550000,-0.780000,0.000000
0.550000,-0.770000,0.000000
0.550000,-0.760000,0.000000
0.550000,-0.750000,0.000000
0.550000,-0.740000,0.000000
0.550000,-0.730000,0.000000
0.550000,-0.720000,0.000000
0.550000,-0.710000,0.000000
0.550000,-0.700000,0.000000
0.550000,-0.690000,0.000000
0.550000,-0.680000,0.000000
0.550000,-0.670000,0.019802
0.550000,-0.660000,0.033198
0.550000,-0.650000,0.041680
0.550000,-0.640000,0.048092
0.550000,-0.630000,0.053267
0.550000,-0.620000,0.057599
0.550000,-0.610000,0.061317
0.550000,-0.600000,0.064559
0.550000,-0.590000,0.067415
0.550000,-0.580000,0.069946
0.550000,-0.570000,0.072159
0.550000,-0.560000,0.074128
0.550000,-0.550000,0.075932
0.550000,-0.540000,0.077565
0.550000,-0.530000,0.079048
0.550000,-0.520000,0.080402
0.550000,-0.510000,0.081637
0.550000,-0.500000,0.082774
0.550000,-0.490000,0.083822
0.550000,-0.480000,0.084786
0.550000,-0.470000,0.085676
0.550000,-0.460000,0.086498
0.550000,-0.450000,0.087257
0.550000,-0.440000,0.087957
0.550000,-0.430000,0.088602
0.550000,-0.420000,0.089183
0.550000,-0.410000,0.089726
0.550000,-0.400000,0.090220
0.550000,-0.390000,0.090672
0.550000,-0.380000,0.091075
0.550000,-0.370000,0.091434
0.550000,-0.360000,0.091750
0.550000,-0.350000,0.092021
0.550000,-0.340000,0.092250
0.550000,-0.330000,0.092434
0.550000,-0.320000,0.092550
0.550000,-0.310000,0.092643
0.550000,-0.300000,0.092689
0.550000,-0.290000,0.092688
0.550000,-0.280000,0.092638
0.550000,-0.270000,0.092500
0.550000,-0.260000,0.092343
0.550000,-0.250000,0.092134
0.550000,-0.240000,0.091846
0.550000,-0.230000,0.091515
0.550000,-0.220000,0.091122
0.550000,-0.210000,0.090647
0.550000,-0.200000,0.090119
0.550000,-0.190000,0.089519
0.550000,-0.180000,0.088829
0.550000,-0.170000,0.088073
0.550000,-0.160000,0.087238
0.550000,-0.150000,0.086301
0.550000,-0.140000,0.085284
0.550000,-0.130000,0.084162
0.550000,-0.120000,0.082948
0.550000,-0.110000,0.081624
0.550000,-0.100000,0.080199
0.550000,-0.090000,0.078658
0.550000,-0.080000,0.076996
0.550000,-0.070000,0.075211
0.550000,-0.060000,0.073291
0.550000,-0.050000,0.071237
0.550000,-0.040000,0.069039
0.550000,-0.030000,0.066687
0.550000,-0.020000,0.064175
0.550000,-0.010000,0.061496
0.550000,0.000000,0.058640
0.550000,0.010000,0.055593
0.550000,0.020000,0.052342
0.550000,0.030000,0.048868
0.550000,0.040000,0.045154
0.550000,0.050000,0.041171
0.550000,0.060000,0.036892
0.550000,0.070000,0.032243
0.550000,0.080000,0.027154
0.550000,0.090000,0.021398
0.550000,0.100000,0.000000
0.550000,0.110000,0.005182
0.550000,0.120000,0.000000
0.550000,0.130000,0.000000
0.550000,0.140000,0.000000
0.550000,0.150000,0.000000
0.550000,0.160000,0.000000
0.550000,0.170000,0.000000
0.550000,0.180000,0.000000
0.550000,0.190000,0.000000
0.550000,0.200000,0.000000
0.550000,0.210000,0.000000
0.550000,0.220000,0.000000
0.550000,0.230000,0.000000
0.550000,0.240000,0.000000
0.550000,0.250000,0.000000
0.550000,0.260000,0.000000
0.550000,0.270000,0.000000
0.550000,0.280000,0.000000
0.550000,0.290000,0.000000
0.550000,0.300000,0.000000
0.550000,0.310000,0.000000
0.550000,0.320000,0.000000
0.550000,0.330000,0.000000
0.550000,0.340000,0.000000
0.550000,0.350000,0.000000
0.550000,0.360000,0.000000
0.550000,0.370000,0.000000
0.550000,0.380000,0.000000
0.550000,0.390000,0.000000
0.550000,0.400000,0.000000
0.550000,0.410000,0.000000
0.550000,0.420000,0.000000
0.550000,0.430000,0.000000
0.550000,0.440000,0.000000
0.550000,0.450000,0.000000
0.550000,0.460000,0.000000
0.560000,-1.030000,0.000000
0.560000,-1.020000,0.000000
0.560000,-1.010000,0.000000
0.560000,-1.000000,0.000000
0.560000,-0.990000,0.000000
0.560000,-0.980000,0.000000
0.560000,-0.970000,0.000000
0.560000,-0.960000,0.000000
0.560000,-0.950000,0.000000
0.560000,-0.940000,0.000000
0.560000,-0.930000,0.000000
0.560000,-0.920000,0.000000
0.560000,-0.910000,0.000000
0.560000,-0.900000,0.000000
0.560000,-0.890000,0.000000
0.560000,-0.880000,0.000000
0.560000,-0.870000,0.000000
0.560000,-0.860000,0.000000
0.560000,-0.850000,0.000000
0.560000,-0.840000,0.000000
0.560000,-0.830000,0.000000
0.560000,-0.820000,0.000000
0.560000,-0.810000,0.000000
0.560000,-0.800000,0.000000
0.560000,-0.790000,0.000000
0.560000,-0.780000,0.000000
0.560000,-0.770000,0.000000
0.560000,-0.760000,0.000000
0.560000,-0.750000,0.000000
0.560000,-0.740000,0.000000
0.560000,-0.730000,0.000000
0.560000,-0.720000,0.000000
0.560000,-0.710000,0.000000
0.560000,-0.700000,0.000000
0.560000,-0.690000,0.000000
0.560000,-0.680000,0.000000
0.560000,-0.670000,0.000000
0.560000,-0.660000,0.021947
0.560000,-0.650000,0.034515
0.560000,-0.640000,0.042775
0.560000,-0.630000,0.049078
0.560000,-0.620000,0.054234
0.560000,-0.610000,0.058557
0.560000,-0.600000,0.062279
0.560000,-0.590000,0.065534
0.560000,-0.580000,0.068408
0.560000,-0.570000,0.070959
0.560000,-0.560000,0.073195
0.560000,-0.550000,0.075189
0.560000,-0.540000,0.077016
0.560000,-0.530000,0.078635
0.560000,-0.520000,0.080138
0.560000,-0.510000,0.081510
0.560000,-0.500000,0.082765
0.560000,-0.490000,0.083910
0.560000,-0.480000,0.085000
0.560000,-0.470000,0.085971
0.560000,-0.460000,0.086862
0.560000,-0.450000,0.087682
0.560000,-0.440000,0.088434
0.560000,-0.430000,0.089124
0.560000,-0.420000,0.089754
0.560000,-0.410000,0.090317
0.560000,-0.400000,0.090838
0.560000,-0.390000,0.091305
0.560000,-0.380000,0.091722
0.560000,-0.370000,0.092094
0.560000,-0.360000,0.092413
0.560000,-0.350000,0.092684
0.560000,-0.340000,0.092880
0.560000,-0.330000,0.093052
0.560000,-0.320000,0.093175
0.560000,-0.310000,0.093249
0.560000,-0.300000,0.093271
0.560000,-0.290000,0.093220
0.560000,-0.280000,0.093135
0.560000,-0.270000,0.092965
0.560000,-0.260000,0.092785
0.560000,-0.250000,0.092509
0.560000,-0.240000,0.092189
0.560000,-0.230000,0.091805
0.560000,-0.220000,0.091354
0.560000,-0.210000,0.090818
0.560000,-0.200000,0.090222
0.560000,-0.190000,0.089538
0.560000,-0.180000,0.088792
0.560000,-0.170000,0.087958
0.560000,-0.160000,0.087025
0.560000,-0.150000,0.086013
0.560000,-0.140000,0.084902
0.560000,-0.130000,0.083684
0.560000,-0.120000,0.082373
0.560000,-0.110000,0.080946
0.560000,-0.100000,0.079411
0.560000,-0.090000,0.077760
0.560000,-0.080000,0.075978
0.560000,-0.070000,0.074069
0.560000,-0.060000,0.072023
0.560000,-0.050000,0.069831
0.560000,-0.040000,0.067487
0.560000,-0.030000,0.064991
0.560000,-0.020000,0.062324
0.560000,-0.010000,0.059480
0.560000,0.000000,0.056448
0.560000,0.010000,0.053216
0.560000,0.020000,0.049757
0.560000,0.030000,0.046065
0.560000,0.040000,0.042112
0.560000,0.050000,0.037856
0.560000,0.060000,0.033248
0.560000,0.070000,0.028195
0.560000,0.080000,0.022511
0.560000,0.090000,0.016001
0.560000,0.100000,0.006991
0.560000,0.110000,0.000000
0.560000,0.120000,0.000000
0.560000,0.130000,0.000000
0.560000,0.140000,0.000000
0.560000,0.150000,0.000000
0.560000,0.160000,0.000000
0.560000,0.170000,0.000000
0.560000,0.180000,0.000000
0.560000,0.190000,0.000000
0.560000,0.200000,0.000000
0.560000,0.210000,0.000000
0.560000,0.220000,0.000000
0.560000,0.230000,0.000000
0.560000,0.240000,0.000000
0.560000,0.250000,0.000000
0.560000,0.260000,0.000000
0.560000,0.270000,0.000000
0.560000,0.280000,0.000000
0.560000,0.290000,0.000000
0.560000,0.300000,0.000000
0.560000,0.310000,0.000000
0.560000,0.320000,0.000000
0.560000,0.330000,0.000000
0.560000,0.340000,0.000000
0.560000,0.350000,0.000000
0.560000,0.360000,0.000000
0.560000,0.370000,0.000000
0.560000,0.380000,0.000000
0.560000,0.390000,0.000000
0.560000,0.400000,0.000000
0.560000,0.410000,0.000000
0.560000,0.420000,0.000000
0.560000,0.430000,0.000000
0.560000,0.440000,0.000000
0.560000,0.450000,0.000000
0.560000,0.460000,0.000000
0.570000,-1.030000,0.000000
0.570000,-1.020000,0.000000
0.570000,-1.010000,0.000000
0.570000,-1.000000,0.000000
0.570000,-0.990000,0.000000
0.570000,-0.980000,0.000000
0.570000,-0.970000,0.000000
0.570000,-0.960000,0.000000
0.570000,-0.950000,0.000000
0.570000,-0.940000,0.000000
0.570000,-0.930000,0.000000
0.570000,-0.920000,0.000000
0.570000,-0.910000,0.000000
0.570000,-0.900000,0.000000
0.570000,-0.890000,0.000000
0.570000,-0.880000,0.000000
0.570000,-0.870000,0.000000
0.570000,-0.860000,0.000000
0.570000,-0.850000,0.000000
0.570000,-0.840000,0.000000
0.570000,-0.830000,0.000000
0.570000,-0.820000,0.000000
0.570000,-0.810000,0.000000
0.570000,-0.800000,0.000000
0.570000,-0.790000,0.000000
0.570000,-0.780000,0.000000
0.570000,-0.770000,0.000000
0.570000,-0.760000,0.000000
0.570000,-0.750000,0.000000
0.570000,-0.740000,0.000000
0.570000,-0.730000,0.000000
0.570000,-0.720000,0.000000
0.570000,-0.710000,0.000000
0.570000,-0.700000,0.000000
0.570000,-0.690000,0.000000
0.570000,-0.680000,0.000000
0.570000,-0.670000,0.000000
0.570000,-0.660000,0.000000
0.570000,-0.650000,0.023121
0.570000,-0.640000,0.035291
0.570000,-0.630000,0.043463
0.570000,-0.620000,0.049740
0.570000,-0.610000,0.054878
0.570000,-0.600000,0.059234
0.570000,-0.590000,0.062977
0.570000,-0.580000,0.066258
0.570000,-0.570000,0.069158
0.570000,-0.560000,0.071736
0.570000,-0.550000,0.074001
0.570000,-0.540000,0.076024
0.570000,-0.530000,0.077876
0.570000,-0.520000,0.079519
0.570000,-0.510000,0.081042
0.570000,-0.500000,0.082430
0.570000,-0.490000,0.083698
0.570000,-0.480000,0.084852
0.570000,-0.470000,0.085915
0.570000,-0.460000,0.086887
0.570000,-0.450000,0.087780
0.570000,-0.440000,0.088594
0.570000,-0.430000,0.089337
0.570000,-0.420000,0.090012
0.570000,-0.410000,0.090624
0.570000,-0.400000,0.091165
0.570000,-0.390000,0.091658
0.570000,-0.380000,0.092093
0.570000,-0.370000,0.092472
0.570000,-0.360000,0.092797
0.570000,-0.350000,0.093072
0.570000,-0.340000,0.093290
0.570000,-0.330000,0.093454
0.570000,-0.320000,0.093563
0.570000,-0.310000,0.093618
0.570000,-0.300000,0.093593
0.570000,-0.290000,0.093535
0.570000,-0.280000,0.093418
0.570000,-0.270000,0.093241
0.570000,-0.260000,0.092982
0.570000,-0.250000,0.092667
0.570000,-0.240000,0.092297
0.570000,-0.230000,0.091860
0.570000,-0.220000,0.091333
0.570000,-0.210000,0.090749
0.570000,-0.200000,0.090093
0.570000,-0.190000,0.089336
0.570000,-0.180000,0.088510
0.570000,-0.170000,0.087585
0.570000,-0.160000,0.086573
0.570000,-0.150000,0.085472
0.570000,-0.140000,0.084262
0.570000,-0.130000,0.082957
0.570000,-0.120000,0.081542
0.570000,-0.110000,0.080008
0.570000,-0.100000,0.078363
0.570000,-0.090000,0.076592
0.570000,-0.080000,0.074687
0.570000,-0.070000,0.072648
0.570000,-0.060000,0.070468
0.570000,-0.050000,0.068133
0.570000,-0.040000,0.065645
0.570000,-0.030000,0.062990
0.570000,-0.020000,0.060158
0.570000,-0.010000,0.057138
0.570000,0.000000,0.053916
0.570000,0.010000,0.050474
0.570000,0.020000,0.046801
0.570000,0.030000,0.042864
0.570000,0.040000,0.038627
0.570000,0.050000,0.034034
0.570000,0.060000,0.029006
0.570000,0.070000,0.023357
0.570000,0.080000,0.016892
0.570000,0.090000,0.008083
0.570000,0.100000,0.000000
0.570000,0.110000,0.000000
0.570000,0.120000,0.000000
0.570000,0.130000,0.000000
0.570000,0.140000,0.000000
0.570000,0.150000,0.000000
0.570000,0.160000,0.000000
0.570000,0.170000,0.000000
0.570000,0.180000,0.000000
0.570000,0.190000,0.000000
0.570000,0.200000,0.000000
0.570000,0.210000,0.000000
0.570000,0.220000,0.000000
0.570000,0.230000,0.000000
0.570000,0.240000,0.000000
0.570000,0.250000,0.000000
0.570000,0.260000,0.000000
0.570000,0.270000,0.000000
0.570000,0.280000,0.000000
0.570000,0.290000,0.000000
0.570000,0.300000,0.000000
0.570000,0.310000,0.000000
0.570000,0.320000,0.000000
0.570000,0.330000,0.000000
0.570000,0.340000,0.000000
0.570000,0.350000,0.000000
0.570000,0.360000,0.000000
0.570000,0.370000,0.000000
0.570000,0.380000,0.000000
0.570000,0.390000,0.000000
0.570000,0.400000,0.000000
0.570000,0.410000,0.000000
0.570000,0.420000,0.000000
0.570000,0.430000,0.000000
0.570000,0.440000,0.000000
0.570000,0.450000,0.000000
0.570000,0.460000,0.000000
0.580000,-1.030000,0.000000
0.580000,-1.020000,0.000000
0.580000,-1.010000,0.000000
0.580000,-1.000000,0.000000
0.580000,-0.990000,0.000000
0.580000,-0.980000,0.000000
0.580000,-0.970000,0.000000
0.580000,-0.960000,0.000000
0.580000,-0.950000,0.000000
0.580000,-0.940000,0.000000
0.580000,-0.930000,0.000000
0.580000,-0.920000,0.000000
0.580000,-0.910000,0.000000
0.580000,-0.900000,0.000000
0.580000,-0.890000,0.000000
0.580000,-0.880000,0.000000
0.580000,-0.870000,0.000000
0.580000,-0.860000,0.000000
0.580000,-0.850000,0.000000
0.580000,-0.840000,0.000000
0.580000,-0.830000,0.000000
0.580000,-0.820000,0.000000
0.580000,-0.810000,0.000000
0.580000,-0.800000,0.000000
0.580000,-0.790000,0.000000
0.580000,-0.780000,0.000000
0.580000,-0.770000,0.000000
0.580000,-0.760000,0.000000
0.580000,-0.750000,0.000000
0.580000,-0.740000,0.000000
0.580000,-0.730000,0.000000
0.580000,-0.720000,0.000000
0.580000,-0.710000,0.000000
0.580000,-0.700000,0.000000
0.580000,-0.690000,0.000000
0.580000,-0.680000,0.000000
0.580000,-0.670000,0.000000
0.580000,-0.660000,0.000000
0.580000,-0.650000,0.000000
0.580000,-0.640000,0.023403
0.580000,-0.630000,0.035529
0.580000,-0.620000,0.043704
0.580000,-0.610000,0.050030
0.580000,-0.600000,0.055206
0.580000,-0.590000,0.059601
0.580000,-0.580000,0.063383
0.580000,-0.570000,0.066701
0.580000,-0.560000,0.069638
0.580000,-0.550000,0.072251
0.580000,-0.540000,0.074550
0.580000,-0.530000,0.076605
0.580000,-0.520000,0.078485
0.580000,-0.510000,0.080152
0.580000,-0.500000,0.081694
0.580000,-0.490000,0.083098
0.580000,-0.480000,0.084378
0.580000,-0.470000,0.085546
0.580000,-0.460000,0.086605
0.580000,-0.450000,0.087577
0.580000,-0.440000,0.088460
0.580000,-0.430000,0.089267
0.580000,-0.420000,0.089994
0.580000,-0.410000,0.090650
0.580000,-0.400000,0.091237
0.580000,-0.390000,0.091726
0.580000,-0.380000,0.092207
0.580000,-0.370000,0.092604
0.580000,-0.360000,0.092939
0.580000,-0.350000,0.093215
0.580000,-0.340000,0.093431
0.580000,-0.330000,0.093563
0.580000,-0.320000,0.093660
0.580000,-0.310000,0.093697
0.580000,-0.300000,0.093678
0.580000,-0.290000,0.093592
0.580000,-0.280000,0.093444
0.580000,-0.270000,0.093209
0.580000,-0.260000,0.092929
0.580000,-0.250000,0.092575
0.580000,-0.240000,0.092139
0.580000,-0.230000,0.091645
0.580000,-0.220000,0.091075
0.580000,-0.210000,0.090427
0.580000,-0.200000,0.089683
0.580000,-0.190000,0.088867
0.580000,-0.180000,0.087957
0.580000,-0.170000,0.086951
0.580000,-0.160000,0.085857
0.580000,-0.150000,0.084664
0.580000,-0.140000,0.083358
0.580000,-0.130000,0.081957
0.580000,-0.120000,0.080431
0.580000,-0.110000,0.078790
0.580000,-0.100000,0.077025
0.580000,-0.090000,0.075131
0.580000,-0.080000,0.073098
0.580000,-0.070000,0.070924
0.580000,-0.060000,0.068602
0.580000,-0.050000,0.066122
0.580000,-0.040000,0.063474
0.580000,-0.030000,0.060651
0.580000,-0.020000,0.057640
0.580000,-0.010000,0.054427
0.580000,0.000000,0.050998
0.580000,0.010000,0.047331
0.580000,0.020000,0.043402
0.580000,0.030000,0.039173
0.580000,0.040000,0.034590
0.580000,0.050000,0.029557
0.580000,0.060000,0.023914
0.580000,0.070000,0.017427
0.580000,0.080000,0.008558
0.580000,0.090000,0.000000
0.580000,0.100000,0.000000
0.580000,0.110000,0.000000
0.580000,0.120000,0.000000
0.580000,0.130000,0.000000
0.580000,0.140000,0.000000
0.580000,0.150000,0.000000
0.580000,0.160000,0.000000
0.580000,0.170000,0.000000
0.580000,0.180000,0.000000
0.580000,0.190000,0.000000
0.580000,0.200000,0.000000
0.580000,0.210000,0.000000
0.580000,0.220000,0.000000
0.580000,0.230000,0.000000
0.580000,0.240000,0.000000
0.580000,0.250000,0.000000
0.580000,0.260000,0.000000
0.580000,0.270000,0.000000
0.580000,0.280000,0.000000
0.580000,0.290000,0.000000
0.580000,0.300000,0.000000
0.580000,0.310000,0.000000
0.580000,0.320000,0.000000
0.580000,0.330000,0.000000
0.580000,0.340000,0.000000
0.580000,0.350000,0.000000
0.580000,0.360000,0.000000
0.580000,0.370000,0.000000
0.580000,0.380000,0.000000
0.580000,0.390000,0.000000
0.580000,0.400000,0.000000
0.580000,0.410000,0.000000
0.580000,0.420000,0.000000
0.580000,0.430000,0.000000
0.580000,0.440000,0.000000
0.580000,0.450000,0.000000
0.580000,0.460000,0.000000
0.590000,-1.030000,0.000000
0.590000,-1.020000,0.000000
0.590000,-1.010000,0.000000
0.590000,-1.000000,0.000000
0.590000,-0.990000,0.000000
0.590000,-0.980000,0.000000
0.590000,-0.970000,0.000000
0.590000,-0.960000,0.000000
0.590000,-0.950000,0.000000
0.590000,-0.940000,0.000000
0.590000,-0.930000,0.000000
0.590000,-0.920000,0.000000
0.590000,-0.910000,0.000000
0.590000,-0.900000,0.000000
0.590000,-0.890000,0.000000
0.590000,-0.880000,0.000000
0.590000,-0.870000,0.000000
0.590000,-0.860000,0.000000
0.590000,-0.850000,0.000000
0.590000,-0.840000,0.000000
0.590000,-0.830000,0.000000
0.590000,-0.820000,0.000000
0.590000,-0.810000,0.000000
0.590000,-0.800000,0.000000
0.590000,-0.790000,0.000000
0.590000,-0.780000,0.000000
0.590000,-0.770000,0.000000
0.590000,-0.760000,0.000000
0.590000,-0.750000,0.000000
0.590000,-0.740000,0.000000
0.590000,-0.730000,0.000000
0.590000,-0.720000,0.000000
0.590000,-0.710000,0.000000
0.590000,-0.700000,0.000000
0.590000,-0.690000,0.000000
0.590000,-0.680000,0.000000
0.590000,-0.670000,0.000000
0.590000,-0.660000,0.000000
0.590000,-0.650000,0.000000
0.590000,-0.640000,0.000000
0.590000,-0.630000,0.022741
0.590000,-0.620000,0.035169
0.590000,-0.610000,0.043485
0.590000,-0.600000,0.049908
0.590000,-0.590000,0.055161
0.590000,-0.580000,0.059622
0.590000,-0.570000,0.063456
0.590000,-0.560000,0.066832
0.590000,-0.550000,0.069815
0.590000,-0.540000,0.072469
0.590000,-0.530000,0.074810
0.590000,-0.520000,0.076900
0.590000,-0.510000,0.078810
0.590000,-0.500000,0.080503
0.590000,-0.490000,0.082066
0.590000,-0.480000,0.083485
0.590000,-0.470000,0.084775
0.590000,-0.460000,0.085947
0.590000,-0.450000,0.087013
0.590000,-0.440000,0.087974
0.590000,-0.430000,0.088849
0.590000,-0.420000,0.089638
0.590000,-0.410000,0.090345
0.590000,-0.400000,0.090979
0.590000,-0.390000,0.091536
0.590000,-0.380000,0.092022
0.590000,-0.370000,0.092403
0.590000,-0.360000,0.092754
0.590000,-0.350000,0.093037
0.590000,-0.340000,0.093256
0.590000,-0.330000,0.093409
0.590000,-0.320000,0.093496
0.590000,-0.310000,0.093518
0.590000,-0.300000,0.093474
0.590000,-0.290000,0.093342
0.590000,-0.280000,0.093162
0.590000,-0.270000,0.092912
0.590000,-0.260000,0.092591
0.590000,-0.250000,0.092179
0.590000,-0.240000,0.091708
0.590000,-0.230000,0.091159
0.590000,-0.220000,0.090529
0.590000,-0.210000,0.089803
0.590000,-0.200000,0.089005
0.590000,-0.190000,0.088114
0.590000,-0.180000,0.087120
0.590000,-0.170000,0.086038
0.590000,-0.160000,0.084856
0.590000,-0.150000,0.083561
0.590000,-0.140000,0.082163
0.590000,-0.130000,0.080651
0.590000,-0.120000,0.079013
0.590000,-0.110000,0.077257
0.590000,-0.100000,0.075371
0.590000,-0.090000,0.073349
0.590000,-0.080000,0.071181
0.590000,-0.070000,0.068867
0.590000,-0.060000,0.066394
0.590000,-0.050000,0.063754
0.590000,-0.040000,0.060936
0.590000,-0.030000,0.057930
0.590000,-0.020000,0.054724
0.590000,-0.010000,0.051299
0.590000,0.000000,0.047637
0.590000,0.010000,0.043709
0.590000,0.020000,0.039475
0.590000,0.030000,0.034880
0.590000,0.040000,0.029815
0.590000,0.050000,0.024145
0.590000,0.060000,0.017564
0.590000,0.070000,0.008355
0.590000,0.080000,0.000000
0.590000,0.090000,0.000000
0.590000,0.100000,0.000000
0.590000,0.110000,0.000000
0.590000,0.120000,0.000000
0.590000,0.130000,0.000000
0.590000,0.140000,0.000000
0.590000,0.150000,0.000000
0.590000,0.160000,0.000000
0.590000,0.170000,0.000000
0.590000,0.180000,0.000000
0.590000,0.190000,0.000000
0.590000,0.200000,0.000000
0.590000,0.210000,0.000000
0.590000,0.220000,0.000000
0.590000,0.230000,0.000000
0.590000,0.240000,0.000000
0.590000,0.250000,0.000000
0.590000,0.260000,0.000000
0.590000,0.270000,0.000000
0.590000,0.280000,0.000000
0.590000,0.290000,0.000000
0.590000,0.300000,0.000000
0.590000,0.310000,0.000000
0.590000,0.320000,0.000000
0.590000,0.330000,0.000000
0.590000,0.340000,0.000000
0.590000,0.350000,0.000000
0.590000,0.360000,0.000000
0.590000,0.370000,0.000000
0.590000,0.380000,0.000000
0.590000,0.390000,0.000000
0.590000,0.400000,0.000000
0.590000,0.410000,0.000000
0.590000,0.420000,0.000000
0.590000,0.430000,0.000000
0.590000,0.440000,0.000000
0.590000,0.450000,0.000000
0.590000,0.460000,0.000000
0.600000,-1.030000,0.000000
0.600000,-1.020000,0.000000
0.600000,-1.010000,0.000000
0.600000,-1.000000,0.000000
0.600000,-0.990000,0.000000
0.600000,-0.980000,0.000000
0.600000,-0.970000,0.000000
0.600000,-0.960000,0.000000
0.600000,-0.950000,0.000000
0.600000,-0.940000,0.000000
0.600000,-0.930000,0.000000
0.600000,-0.920000,0.000000
0.600000,-0.910000,0.000000
0.600000,-0.900000,0.000000
0.600000,-0.890000,0.000000
0.600000,-0.880000,0.000000
0.600000,-0.870000,0.000000
0.600000,-0.860000,0.000000
0.600000,-0.850000,0.000000
0.600000,-0.840000,0.000000
0.600000,-0.830000,0.000000
0.600000,-0.820000,0.000000
0.600000,-0.810000,0.000000
0.600000,-0.800000,0.000000
0.600000,-0.790000,0.000000
0.600000,-0.780000,0.000000
0.600000,-0.770000,0.000000
0.600000,-0.760000,0.000000
0.600000,-0.750000,0.000000
0.600000,-0.740000,0.000000
0.600000,-0.730000,0.000000
0.600000,-0.720000,0.000000
0.600000,-0.710000,0.000000
0.600000,-0.700000,0.000000
0.600000,-0.690000,0.000000
0.600000,-0.680000,0.000000
0.600000,-0.670000,0.000000
0.600000,-0.660000,0.000000
0.600000,-0.650000,0.000000
0.600000,-0.640000,0.000000
0.600000,-0.630000,0.000000
0.600000,-0.620000,0.020946
0.600000,-0.610000,0.034135
0.600000,-0.600000,0.042740
0.600000,-0.590000,0.049321
0.600000,-0.580000,0.054717
0.600000,-0.570000,0.059255
0.600000,-0.560000,0.063167
0.600000,-0.550000,0.066610
0.600000,-0.540000,0.069651
0.600000,-0.530000,0.072355
0.600000,-0.520000,0.074744
0.600000,-0.510000,0.076875
0.600000,-0.500000,0.078817
0.600000,-0.490000,0.080537
0.600000,-0.480000,0.082120
0.600000,-0.470000,0.083554
0.600000,-0.460000,0.084853
0.600000,-0.450000,0.085999
0.600000,-0.440000,0.087062
0.600000,-0.430000,0.088020
0.600000,-0.420000,0.088876
0.600000,-0.410000,0.089645
0.600000,-0.400000,0.090329
0.600000,-0.390000,0.090930
0.600000,-0.380000,0.091450
0.600000,-0.370000,0.091894
0.600000,-0.360000,0.092267
0.600000,-0.350000,0.092554
0.600000,-0.340000,0.092779
0.600000,-0.330000,0.092932
0.600000,-0.320000,0.092991
0.600000,-0.310000,0.093000
0.600000,-0.300000,0.092939
0.600000,-0.290000,0.092804
0.600000,-0.280000,0.092594
0.600000,-0.270000,0.092310
0.600000,-0.260000,0.091931
0.600000,-0.250000,0.091490
0.600000,-0.240000,0.090972
0.600000,-0.230000,0.090367
0.600000,-0.220000,0.089663
0.600000,-0.210000,0.088883
0.600000,-0.200000,0.088011
0.600000,-0.190000,0.087035
0.600000,-0.180000,0.085969
0.600000,-0.170000,0.084801
0.600000,-0.160000,0.083519
0.600000,-0.150000,0.082134
0.600000,-0.140000,0.080633
0.600000,-0.130000,0.079009
0.600000,-0.120000,0.077262
0.600000,-0.110000,0.075384
0.600000,-0.100000,0.073370
0.600000,-0.090000,0.071212
0.600000,-0.080000,0.068902
0.600000,-0.070000,0.066435
0.600000,-0.060000,0.063800
0.600000,-0.050000,0.060986
0.600000,-0.040000,0.057984
0.600000,-0.030000,0.054780
0.600000,-0.020000,0.051354
0.600000,-0.010000,0.047687
0.600000,0.000000,0.043748
0.600000,0.010000,0.039495
0.600000,0.020000,0.034867
0.600000,0.030000,0.029738
0.600000,0.040000,0.024019
0.600000,0.050000,0.017233
0.600000,0.060000,0.007237
0.600000,0.070000,0.000000
0.600000,0.080000,0.000000
0.600000,0.090000,0.000000
0.600000,0.100000,0.000000
0.600000,0.110000,0.000000
0.600000,0.120000,0.000000
0.600000,0.130000,0.000000
0.600000,0.140000,0.000000
0.600000,0.150000,0.000000
0.600000,0.160000,0.000000
0.600000,0.170000,0.000000
0.600000,0.180000,0.000000
0.600000,0.190000,0.000000
0.600000,0.200000,0.000000
0.600000,0.210000,0.000000
0.600000,0.220000,0.000000
0.600000,0.230000,0.000000
0.600000,0.240000,0.000000
0.600000,0.250000,0.000000
0.600000,0.260000,0.000000
0.600000,0.270000,0.000000
0.600000,0.280000,0.000000
0.600000,0.290000,0.000000
0.600000,0.300000,0.000000
0.600000,0.310000,0.000000
0.600000,0.320000,0.000000
0.600000,0.330000,0.000000
0.600000,0.340000,0.000000
0.600000,0.350000,0.000000
0.600000,0.360000,0.000000
0.600000,0.370000,0.000000
0.600000,0.380000,0.000000
0.600000,0.390000,0.000000
0.600000,0.400000,0.000000
0.600000,0.410000,0.000000
0.600000,0.420000,0.000000
0.600000,0.430000,0.000000
0.600000,0.440000,0.000000
0.600000,0.450000,0.000000
0.600000,0.460000,0.000000
0.610000,-1.030000,0.000000
0.610000,-1.020000,0.000000
0.610000,-1.010000,0.000000
0.610000,-1.000000,0.000000
0.610000,-0.990000,0.000000
0.610000,-0.980000,0.000000
0.610000,-0.970000,0.000000
0.610000,-0.960000,0.000000
0.610000,-0.950000,0.000000
0.610000,-0.940000,0.000000
0.610000,-0.930000,0.000000
0.610000,-0.920000,0.000000
0.610000,-0.910000,0.000000
0.610000,-0.900000,0.000000
0.610000,-0.890000,0.000000
0.610000,-0.880000,0.000000
0.610000,-0.870000,0.000000
0.610000,-0.860000,0.000000
0.610000,-0.850000,0.000000
0.610000,-0.840000,0.000000
0.610000,-0.830000,0.000000
0.610000,-0.820000,0.000000
0.610000,-0.810000,0.000000
0.610000,-0.800000,0.000000
0.610000,-0.790000,0.000000
0.610000,-0.780000,0.000000
0.610000,-0.770000,0.000000
0.610000,-0.760000,0.000000
0.610000,-0.750000,0.000000
0.610000,-0.740000,0.000000
0.610000,-0.730000,0.000000
0.610000,-0.720000,0.000000
0.610000,-0.710000,0.000000
0.610000,-0.700000,0.000000
0.610000,-0.690000,0.000000
0.610000,-0.680000,0.000000
0.610000,-0.670000,0.000000
0.610000,-0.660000,0.000000
0.610000,-0.650000,0.000000
0.610000,-0.640000,0.000000
0.610000,-0.630000,0.000000
0.610000,-0.620000,0.000000
0.610000,-0.610000,0.017534
0.610000,-0.600000,0.032269
0.610000,-0.590000,0.041353
0.610000,-0.580000,0.048217
0.610000,-0.570000,0.053775
0.610000,-0.560000,0.058446
0.610000,-0.550000,0.062479
0.610000,-0.540000,0.065989
0.610000,-0.530000,0.069101
0.610000,-0.520000,0.071866
0.610000,-0.510000,0.074336
0.610000,-0.500000,0.076488
0.610000,-0.490000,0.078465
0.610000,-0.480000,0.080215
0.610000,-0.470000,0.081819
0.610000,-0.460000,0.083267
0.610000,-0.450000,0.084545
0.610000,-0.440000,0.085721
0.610000,-0.430000,0.086778
0.610000,-0.420000,0.087725
0.610000,-0.410000,0.088568
0.610000,-0.400000,0.089308
0.610000,-0.390000,0.089961
0.610000,-0.380000,0.090525
0.610000,-0.370000,0.091005
0.610000,-0.360000,0.091400
0.610000,-0.350000,0.091692
0.610000,-0.340000,0.091926
0.610000,-0.330000,0.092082
0.610000,-0.320000,0.092160
0.610000,-0.310000,0.092160
0.610000,-0.300000,0.092082
0.610000,-0.290000,0.091925
0.610000,-0.280000,0.091670
0.610000,-0.270000,0.091351
0.610000,-0.260000,0.090950
0.610000,-0.250000,0.090465
0.610000,-0.240000,0.089879
0.610000,-0.230000,0.089218
0.610000,-0.220000,0.088466
0.610000,-0.210000,0.087619
0.610000,-0.200000,0.086665
0.610000,-0.190000,0.085619
0.610000,-0.180000,0.084470
0.610000,-0.170000,0.083212
0.610000,-0.160000,0.081836
0.610000,-0.150000,0.080349
0.610000,-0.140000,0.078742
0.610000,-0.130000,0.077007
0.610000,-0.120000,0.075137
0.610000,-0.110000,0.073131
0.610000,-0.100000,0.070981
0.610000,-0.090000,0.068677
0.610000,-0.080000,0.066214
0.610000,-0.070000,0.063583
0.610000,-0.060000,0.060771
0.610000,-0.050000,0.057768
0.610000,-0.040000,0.054558
0.610000,-0.030000,0.051124
0.610000,-0.020000,0.047440
0.610000,-0.010000,0.043478
0.610000,0.000000,0.039191
0.610000,0.010000,0.034502
0.610000,0.020000,0.029291
0.610000,0.030000,0.023433
0.610000,0.040000,0.016313
0.610000,0.050000,0.000000
0.610000,0.060000,0.000000
0.610000,0.070000,0.000000
0.610000,0.080000,0.000000
0.610000,0.090000,0.000000
0.610000,0.100000,0.000000
0.610000,0.110000,0.000000
0.610000,0.120000,0.000000
0.610000,0.130000,0.000000
0.610000,0.140000,0.000000
0.610000,0.150000,0.000000
0.610000,0.160000,0.000000
0.610000,0.170000,0.000000
0.610000,0.180000,0.000000
0.610000,0.190000,0.000000
0.610000,0.200000,0.000000
0.610000,0.210000,0.000000
0.610000,0.220000,0.000000
0.610000,0.230000,0.000000
0.610000,0.240000,0.000000
0.610000,0.250000,0.000000
0.610000,0.260000,0.000000
0.610000,0.270000,0.000000
0.610000,0.280000,0.000000
0.610000,0.290000,0.000000
0.610000,0.300000,0.000000
0.610000,0.310000,0.000000
0.610000,0.320000,0.000000
0.610000,0.330000,0.000000
0.610000,0.340000,0.000000
0.610000,0.350000,0.000000
0.610000,0.360000,0.000000
0.610000,0.370000,0.000000
0.610000,0.380000,0.000000
0.610000,0.390000,0.000000
0.610000,0.400000,0.000000
0.610000,0.410000,0.000000
0.610000,0.420000,0.000000
0.610000,0.430000,0.000000
0.610000,0.440000,0.000000
0.610000,0.450000,0.000000
0.610000,0.460000,0.000000
0.620000,-1.030000,0.000000
0.620000,-1.020000,0.000000
0.620000,-1.010000,0.000000
0.620000,-1.000000,0.000000
0.620000,-0.990000,0.000000
0.620000,-0.980000,0.000000
0.620000,-0.970000,0.000000
0.620000,-0.960000,0.000000
0.620000,-0.950000,0.000000
0.620000,-0.940000,0.000000
0.620000,-0.930000,0.000000
0.620000,-0.920000,0.000000
0.620000,-0.910000,0.000000
0.620000,-0.900000,0.000000
0.620000,-0.890000,0.000000
0.620000,-0.880000,0.000000
0.620000,-0.870000,0.000000
0.620000,-0.860000,0.000000
0.620000,-0.850000,0.000000
0.620000,-0.840000,0.000000
0.620000,-0.830000,0.000000
0.620000,-0.820000,0.000000
0.620000,-0.810000,0.000000
0.620000,-0.800000,0.000000
0.620000,-0.790000,0.000000
0.620000,-0.780000,0.000000
0.620000,-0.770000,0.000000
0.620000,-0.760000,0.000000
0.620000,-0.750000,0.000000
0.620000,-0.740000,0.000000
0.620000,-0.730000,0.000000
0.620000,-0.720000,0.000000
0.620000,-0.710000,0.000000
0.620000,-0.700000,0.000000
0.620000,-0.690000,0.000000
0.620000,-0.680000,0.000000
0.620000,-0.670000,0.000000
0.620000,-0.660000,0.000000
0.620000,-0.650000,0.000000
0.620000,-0.640000,0.000000
0.620000,-0.630000,0.000000
0.620000,-0.620000,0.000000
0.620000,-0.610000,0.000000
0.620000,-0.600000,0.010834
0.620000,-0.590000,0.029343
0.620000,-0.580000,0.039204
0.620000,-0.570000,0.046464
0.620000,-0.560000,0.052275
0.620000,-0.550000,0.057126
0.620000,-0.540000,0.061297
0.620000,-0.530000,0.064912
0.620000,-0.520000,0.068112
0.620000,-0.510000,0.070950
0.620000,-0.500000,0.073479
0.620000,-0.490000,0.075715
0.620000,-0.480000,0.077707
0.620000,-0.470000,0.079492
0.620000,-0.460000,0.081118
0.620000,-0.450000,0.082553
0.620000,-0.440000,0.083865
0.620000,-0.430000,0.085040
0.620000,-0.420000,0.086089
0.620000,-0.410000,0.087020
0.620000,-0.400000,0.087842
0.620000,-0.390000,0.088559
0.620000,-0.380000,0.089152
0.620000,-0.370000,0.089668
0.620000,-0.360000,0.090098
0.620000,-0.350000,0.090437
0.620000,-0.340000,0.090689
0.620000,-0.330000,0.090856
0.620000,-0.320000,0.090935
0.620000,-0.310000,0.090930
0.620000,-0.300000,0.090820
0.620000,-0.290000,0.090644
0.620000,-0.280000,0.090381
0.620000,-0.270000,0.090030
0.620000,-0.260000,0.089591
0.620000,-0.250000,0.089048
0.620000,-0.240000,0.088425
0.620000,-0.230000,0.087706
0.620000,-0.220000,0.086891
0.620000,-0.210000,0.085967
0.620000,-0.200000,0.084949
0.620000,-0.190000,0.083822
0.620000,-0.180000,0.082587
0.620000,-0.170000,0.081230
0.620000,-0.160000,0.079761
0.620000,-0.150000,0.078168
0.620000,-0.140000,0.076447
0.620000,-0.130000,0.074592
0.620000,-0.120000,0.072593
0.620000,-0.110000,0.070451
0.620000,-0.100000,0.068154
0.620000,-0.090000,0.065695
0.620000,-0.080000,0.063064
0.620000,-0.070000,0.060250
0.620000,-0.060000,0.057241
0.620000,-0.050000,0.054019
0.620000,-0.040000,0.050566
0.620000,-0.030000,0.046857
0.620000,-0.020000,0.042854
0.620000,-0.010000,0.038507
0.620000,0.000000,0.033705
0.620000,0.010000,0.028406
0.620000,0.020000,0.022307
0.620000,0.030000,0.014591
0.620000,0.040000,0.000000
0.620000,0.050000,0.000000
0.620000,0.060000,0.000000
0.620000,0.070000,0.000000
0.620000,0.080000,0.000000
0.620000,0.090000,0.000000
0.620000,0.100000,0.000000
0.620000,0.110000,0.000000
0.620000,0.120000,0.000000
0.620000,0.130000,0.000000
0.620000,0.140000,0.000000
0.620000,0.150000,0.000000
0.620000,0.160000,0.000000
0.620000,0.170000,0.000000
0.620000,0.180000,0.000000
0.620000,0.190000,0.000000
0.620000,0.200000,0.000000
0.620000,0.210000,0.000000
0.620000,0.220000,0.000000
0.620000,0.230000,0.000000
0.620000,0.240000,0.000000
0.620000,0.250000,0.000000
0.620000,0.260000,0.000000
0.620000,0.270000,0.000000
0.620000,0.280000,0.000000
0.620000,0.290000,0.000000
0.620000,0.300000,0.000000
0.620000,0.310000,0.000000
0.620000,0.320000,0.000000
0.620000,0.330000,0.000000
0.620000,0.340000,0.000000
0.620000,0.350000,0.000000
0.620000,0.360000,0.000000
0.620000,0.370000,0.000000
0.620000,0.380000,0.000000
0.620000,0.390000,0.000000
0.620000,0.400000,0.000000
0.620000,0.410000,0.000000
0.620000,0.420000,0.000000
0.620000,0.430000,0.000000
0.620000,0.440000,0.000000
0.620000,0.450000,0.000000
0.620000,0.460000,0.000000
0.630000,-1.030000,0.000000
0.630000,-1.020000,0.000000
0.630000,-1.010000,0.000000
0.630000,-1.000000,0.000000
0.630000,-0.990000,0.000000
0.630000,-0.980000,0.000000
0.630000,-0.970000,0.000000
0.630000,-0.960000,0.000000
0.630000,-0.950000,0.000000
0.630000,-0.940000,0.000000
0.630000,-0.930000,0.000000
0.630000,-0.920000,0.000000
0.630000,-0.910000,0.000000
0.630000,-0.900000,0.000000
0.630000,-0.890000,0.000000
0.630000,-0.880000,0.000000
0.630000,-0.870000,0.000000
0.630000,-0.860000,0.000000
0.630000,-0.850000,0.000000
0.630000,-0.840000,0.000000
0.630000,-0.830000,0.000000
0.630000,-0.820000,0.000000
0.630000,-0.810000,0.000000
0.630000,-0.800000,0.000000
0.630000,-0.790000,0.000000
0.630000,-0.780000,0.000000
0.630000,-0.770000,0.000000
0.630000,-0.760000,0.000000
0.630000,-0.750000,0.000000
0.630000,-0.740000,0.000000
0.630000,-0.730000,0.000000
0.630000,-0.720000,0.000000
0.630000,-0.710000,0.000000
0.630000,-0.700000,0.000000
0.630000,-0.690000,0.000000
0.630000,-0.680000,0.000000
0.630000,-0.670000,0.000000
0.630000,-0.660000,0.000000
0.630000,-0.650000,0.000000
0.630000,-0.640000,0.000000
0.630000,-0.630000,0.000000
0.630000,-0.620000,0.000000
0.630000,-0.610000,0.000000
0.630000,-0.600000,0.000000
0.630000,-0.590000,0.000000
0.630000,-0.580000,0.024862
0.630000,-0.570000,0.036090
0.630000,-0.560000,0.043943
0.630000,-0.550000,0.050113
0.630000,-0.540000,0.055227
0.630000,-0.530000,0.059559
0.630000,-0.520000,0.063324
0.630000,-0.510000,0.066619
0.630000,-0.500000,0.069545
0.630000,-0.490000,0.072147
0.630000,-0.480000,0.074447
0.630000,-0.470000,0.076490
0.630000,-0.460000,0.078337
0.630000,-0.450000,0.079963
0.630000,-0.440000,0.081440
0.630000,-0.430000,0.082733
0.630000,-0.420000,0.083905
0.630000,-0.410000,0.084944
0.630000,-0.400000,0.085857
0.630000,-0.390000,0.086629
0.630000,-0.380000,0.087311
0.630000,-0.370000,0.087887
0.630000,-0.360000,0.088360
0.630000,-0.350000,0.088733
0.630000,-0.340000,0.089010
0.630000,-0.330000,0.089184
0.630000,-0.320000,0.089253
0.630000,-0.310000,0.089247
0.630000,-0.300000,0.089147
0.630000,-0.290000,0.088955
0.630000,-0.280000,0.088669
0.630000,-0.270000,0.088289
0.630000,-0.260000,0.087799
0.630000,-0.250000,0.087225
0.630000,-0.240000,0.086552
0.630000,-0.230000,0.085778
0.630000,-0.220000,0.084900
0.630000,-0.210000,0.083905
0.630000,-0.200000,0.082810
0.630000,-0.190000,0.081601
0.630000,-0.180000,0.080274
0.630000,-0.170000,0.078824
0.630000,-0.160000,0.077250
0.630000,-0.150000,0.075544
0.630000,-0.140000,0.073702
0.630000,-0.130000,0.071717
0.630000,-0.120000,0.069582
0.630000,-0.110000,0.067290
0.630000,-0.100000,0.064832
0.630000,-0.090000,0.062198
0.630000,-0.080000,0.059376
0.630000,-0.070000,0.056353
0.630000,-0.060000,0.053112
0.630000,-0.050000,0.049629
0.630000,-0.040000,0.045876
0.630000,-0.030000,0.041812
0.630000,-0.020000,0.037366
0.630000,-0.010000,0.032450
0.630000,0.000000,0.026943
0.630000,0.010000,0.020456
0.630000,0.020000,0.011606
0.630000,0.030000,0.000000
0.630000,0.040000,0.000000
0.630000,0.050000,0.000000
0.630000,0.060000,0.000000
0.630000,0.070000,0.000000
0.630000,0.080000,0.000000
0.630000,0.090000,0.000000
0.630000,0.100000,0.000000
0.630000,0.110000,0.000000
0.630000,0.120000,0.000000
0.630000,0.130000,0.000000
0.630000,0.140000,0.000000
0.630000,0.150000,0.000000
0.630000,0.160000,0.000000
0.630000,0.170000,0.000000
0.630000,0.180000,0.000000
0.630000,0.190000,0.000000
0.630000,0.200000,0.000000
0.630000,0.210000,0.000000
0.630000,0.220000,0.000000
0.630000,0.230000,0.000000
0.630000,0.240000,0.000000
0.630000,0.250000,0.000000
0.630000,0.260000,0.000000
0.630000,0.270000,0.000000
0.630000,0.280000,0.000000
0.630000,0.290000,0.000000
0.630000,0.300000,0.000000
0.630000,0.310000,0.000000
0.630000,0.320000,0.000000
0.630000,0.330000,0.000000
0.630000,0.340000,0.000000
0.630000,0.350000,0.000000
0.630000,0.360000,0.000000
0.630000,0.370000,0.000000
0.630000,0.380000,0.000000
0.630000,0.390000,0.000000
0.630000,0.400000,0.000000
0.630000,0.410000,0.000000
0.630000,0.420000,0.000000
0.630000,0.430000,0.000000
0.630000,0.440000,0.000000
0.630000,0.450000,0.000000
0.630000,0.460000,0.000000
0.640000,-1.030000,0.000000
0.640000,-1.020000,0.000000
0.640000,-1.010000,0.000000
0.640000,-1.000000,0.000000
0.640000,-0.990000,0.000000
0.640000,-0.980000,0.000000
0.640000,-0.970000,0.000000
0.640000,-0.960000,0.000000
0.640000,-0.950000,0.000000
0.640000,-0.940000,0.000000
0.640000,-0.930000,0.000000
0.640000,-0.920000,0.000000
0.640000,-0.910000,0.000000
0.640000,-0.900000,0.000000
0.640000,-0.890000,0.000000
0.640000,-0.880000,0.000000
0.640000,-0.870000,0.000000
0.640000,-0.860000,0.000000
0.640000,-0.850000,0.000000
0.640000,-0.840000,0.000000
0.640000,-0.830000,0.000000
0.640000,-0.820000,0.000000
0.640000,-0.810000,0.000000
0.640000,-0.800000,0.000000
0.640000,-0.790000,0.000000
0.640000,-0.780000,0.000000
0.640000,-0.770000,0.000000
0.640000,-0.760000,0.000000
0.640000,-0.750000,0.000000
0.640000,-0.740000,0.000000
0.640000,-0.730000,0.000000
0.640000,-0.720000,0.000000
0.640000,-0.710000,0.000000
0.640000,-0.700000,0.000000
0.640000,-0.690000,0.000000
0.640000,-0.680000,0.000000
0.640000,-0.670000,0.000000
0.640000,-0.660000,0.000000
0.640000,-0.650000,0.000000
0.640000,-0.640000,0.000000
0.640000,-0.630000,0.000000
0.640000,-0.620000,0.000000
0.640000,-0.610000,0.000000
0.640000,-0.600000,0.000000
0.640000,-0.590000,0.000000
0.640000,-0.580000,0.000000
0.640000,-0.570000,0.017507
0.640000,-0.560000,0.031625
0.640000,-0.550000,0.040450
0.640000,-0.540000,0.047153
0.640000,-0.530000,0.052592
0.640000,-0.520000,0.057164
0.640000,-0.510000,0.061115
0.640000,-0.500000,0.064554
0.640000,-0.490000,0.067577
0.640000,-0.480000,0.070266
0.640000,-0.470000,0.072656
0.640000,-0.460000,0.074766
0.640000,-0.450000,0.076634
0.640000,-0.440000,0.078293
0.640000,-0.430000,0.079787
0.640000,-0.420000,0.081089
0.640000,-0.410000,0.082259
0.640000,-0.400000,0.083284
0.640000,-0.390000,0.084154
0.640000,-0.380000,0.084918
0.640000,-0.370000,0.085562
0.640000,-0.360000,0.086091
0.640000,-0.350000,0.086508
0.640000,-0.340000,0.086818
0.640000,-0.330000,0.087004
0.640000,-0.320000,0.087105
0.640000,-0.310000,0.087104
0.640000,-0.300000,0.087001
0.640000,-0.290000,0.086796
0.640000,-0.280000,0.086490
0.640000,-0.270000,0.086069
0.640000,-0.260000,0.085557
0.640000,-0.250000,0.084941
0.640000,-0.240000,0.084218
0.640000,-0.230000,0.083386
0.640000,-0.220000,0.082434
0.640000,-0.210000,0.081376
0.640000,-0.200000,0.080201
0.640000,-0.190000,0.078905
0.640000,-0.180000,0.077483
0.640000,-0.170000,0.075932
0.640000,-0.160000,0.074241
0.640000,-0.150000,0.072414
0.640000,-0.140000,0.070441
0.640000,-0.130000,0.068314
0.640000,-0.120000,0.066025
0.640000,-0.110000,0.063566
0.640000,-0.100000,0.060925
0.640000,-0.090000,0.058091
0.640000,-0.080000,0.055045
0.640000,-0.070000,0.051772
0.640000,-0.060000,0.048244
0.640000,-0.050000,0.044424
0.640000,-0.040000,0.040260
0.640000,-0.030000,0.035663
0.640000,-0.020000,0.030577
0.640000,-0.010000,0.024765
0.640000,0.000000,0.017554
0.640000,0.010000,0.005474
0.640000,0.020000,0.000000
0.640000,0.030000,0.000000
0.640000,0.040000,0.000000
0.640000,0.050000,0.000000
0.640000,0.060000,0.000000
0.640000,0.070000,0.000000
0.640000,0.080000,0.000000
0.640000,0.090000,0.000000
0.640000,0.100000,0.000000
0.640000,0.110000,0.000000
0.640000,0.120000,0.000000
0.640000,0.130000,0.000000
0.640000,0.140000,0.000000
0.640000,0.150000,0.000000
0.640000,0.160000,0.000000
0.640000,0.170000,0.000000
0.640000,0.180000,0.000000
0.640000,0.190000,0.000000
0.640000,0.200000,0.000000
0.640000,0.210000,0.000000
0.640000,0.220000,0.000000
0.640000,0.230000,0.000000
0.640000,0.240000,0.000000
0.640000,0.250000,0.000000
0.640000,0.260000,0.000000
0.640000,0.270000,0.000000
0.640000,0.280000,0.000000
0.640000,0.290000,0.000000
0.640000,0.300000,0.000000
0.640000,0.310000,0.000000
0.640000,0.320000,0.000000
0.640000,0.330000,0.000000
0.640000,0.340000,0.000000
0.640000,0.350000,0.000000
0.640000,0.360000,0.000000
0.640000,0.370000,0.000000
0.640000,0.380000,0.000000
0.640000,0.390000,0.000000
0.640000,0.400000,0.000000
0.640000,0.410000,0.000000
0.640000,0.420000,0.000000
0.640000,0.430000,0.000000
0.640000,0.440000,0.000000
0.640000,0.450000,0.000000
0.640000,0.460000,0.000000
0.650000,-1.030000,0.000000
0.650000,-1.020000,0.000000
0.650000,-1.010000,0.000000
0.650000,-1.000000,0.000000
0.650000,-0.990000,0.000000
0.650000,-0.980000,0.000000
0.650000,-0.970000,0.000000
0.650000,-0.960000,0.000000
0.650000,-0.950000,0.000000
0.650000,-0.940000,0.000000
0.650000,-0.930000,0.000000
0.650000,-0.920000,0.000000
0.650000,-0.910000,0.000000
0.650000,-0.900000,0.000000
0.650000,-0.890000,0.000000
0.650000,-0.880000,0.000000
0.650000,-0.870000,0.000000
0.650000,-0.860000,0.000000
0.650000,-0.850000,0.000000
0.650000,-0.840000,0.000000
0.650000,-0.830000,0.000000
0.650000,-0.820000,0.000000
0.650000,-0.810000,0.000000
0.650000,-0.800000,0.000000
0.650000,-0.790000,0.000000
0.650000,-0.780000,0.000000
0.650000,-0.770000,0.000000
0.650000,-0.760000,0.000000
0.650000,-0.750000,0.000000
0.650000,-0.740000,0.000000
0.650000,-0.730000,0.000000
0.650000,-0.720000,0.000000
0.650000,-0.710000,0.000000
0.650000,-0.700000,0.000000
0.650000,-0.690000,0.000000
0.650000,-0.680000,0.000000
0.650000,-0.670000,0.000000
0.650000,-0.660000,0.000000
0.650000,-0.650000,0.000000
0.650000,-0.640000,0.000000
0.650000,-0.630000,0.000000
0.650000,-0.620000,0.000000
0.650000,-0.610000,0.000000
0.650000,-0.600000,0.000000
0.650000,-0.590000,0.000000
0.650000,-0.580000,0.000000
0.650000,-0.570000,0.000000
0.650000,-0.560000,0.000000
0.650000,-0.550000,0.024976
0.650000,-0.540000,0.035600
0.650000,-0.530000,0.043138
0.650000,-0.520000,0.049081
0.650000,-0.510000,0.053994
0.650000,-0.500000,0.058166
0.650000,-0.490000,0.061794
0.650000,-0.480000,0.064962
0.650000,-0.470000,0.067747
0.650000,-0.460000,0.070224
0.650000,-0.450000,0.072420
0.650000,-0.440000,0.074351
0.650000,-0.430000,0.076051
0.650000,-0.420000,0.077547
0.650000,-0.410000,0.078882
0.650000,-0.400000,0.080028
0.650000,-0.390000,0.081040
0.650000,-0.380000,0.081907
0.650000,-0.370000,0.082618
0.650000,-0.360000,0.083218
0.650000,-0.350000,0.083693
0.650000,-0.340000,0.084048
0.650000,-0.330000,0.084270
0.650000,-0.320000,0.084393
0.650000,-0.310000,0.084404
0.650000,-0.300000,0.084304
0.650000,-0.290000,0.084093
0.650000,-0.280000,0.083771
0.650000,-0.270000,0.083326
0.650000,-0.260000,0.082781
0.650000,-0.250000,0.082123
0.650000,-0.240000,0.081350
0.650000,-0.230000,0.080460
0.650000,-0.220000,0.079450
0.650000,-0.210000,0.078309
0.650000,-0.200000,0.077050
0.650000,-0.190000,0.075661
0.650000,-0.180000,0.074137
0.650000,-0.170000,0.072473
0.650000,-0.160000,0.070664
0.650000,-0.150000,0.068703
0.650000,-0.140000,0.066583
0.650000,-0.130000,0.064295
0.650000,-0.120000,0.061830
0.650000,-0.110000,0.059176
0.650000,-0.100000,0.056319
0.650000,-0.090000,0.053238
0.650000,-0.080000,0.049915
0.650000,-0.070000,0.046315
0.650000,-0.060000,0.042392
0.650000,-0.050000,0.038071
0.650000,-0.040000,0.033313
0.650000,-0.030000,0.027937
0.650000,-0.020000,0.021524
0.650000,-0.010000,0.012815
0.650000,0.000000,0.000000
0.650000,0.010000,0.000000
0.650000,0.020000,0.000000
0.650000,0.030000,0.000000
0.650000,0.040000,0.000000
0.650000,0.050000,0.000000
0.650000,0.060000,0.000000
0.650000,0.070000,0.000000
0.650000,0.080000,0.000000
0.650000,0.090000,0.000000
0.650000,0.100000,0.000000
0.650000,0.110000,0.000000
0.650000,0.120000,0.000000
0.650000,0.130000,0.000000
0.650000,0.140000,0.000000
0.650000,0.150000,0.000000
0.650000,0.160000,0.000000
0.650000,0.170000,0.000000
0.650000,0.180000,0.000000
0.650000,0.190000,0.000000
0.650000,0.200000,0.000000
0.650000,0.210000,0.000000
0.650000,0.220000,0.000000
0.650000,0.230000,0.000000
0.650000,0.240000,0.000000
0.650000,0.250000,0.000000
0.650000,0.260000,0.000000
0.650000,0.270000,0.000000
0.650000,0.280000,0.000000
0.650000,0.290000,0.000000
0.650000,0.300000,0.000000
0.650000,0.310000,0.000000
0.650000,0.320000,0.000000
0.650000,0.330000,0.000000
0.650000,0.340000,0.000000
0.650000,0.350000,0.000000
0.650000,0.360000,0.000000
0.650000,0.370000,0.000000
0.650000,0.380000,0.000000
0.650000,0.390000,0.000000
0.650000,0.400000,0.000000
0.650000,0.410000,0.000000
0.650000,0.420000,0.000000
0.650000,0.430000,0.000000
0.650000,0.440000,0.000000
0.650000,0.450000,0.000000
0.650000,0.460000,0.000000
0.660000,-1.030000,0.000000
0.660000,-1.020000,0.000000
0.660000,-1.010000,0.000000
0.660000,-1.000000,0.000000
0.660000,-0.990000,0.000000
0.660000,-0.980000,0.000000
0.660000,-0.970000,0.000000
0.660000,-0.960000,0.000000
0.660000,-0.950000,0.000000
0.660000,-0.940000,0.000000
0.660000,-0.930000,0.000000
0.660000,-0.920000,0.000000
0.660000,-0.910000,0.000000
0.660000,-0.900000,0.000000
0.660000,-0.890000,0.000000
0.660000,-0.880000,0.000000
0.660000,-0.870000,0.000000
0.660000,-0.860000,0.000000
0.660000,-0.850000,0.000000
0.660000,-0.840000,0.000000
0.660000,-0.830000,0.000000
0.660000,-0.820000,0.000000
0.660000,-0.810000,0.000000
0.660000,-0.800000,0.000000
0.660000,-0.790000,0.000000
0.660000,-0.780000,0.000000
0.660000,-0.770000,0.000000
0.660000,-0.760000,0.000000
0.660000,-0.750000,0.000000
0.660000,-0.740000,0.000000
0.660000,-0.730000,0.000000
0.660000,-0.720000,0.000000
0.660000,-0.710000,0.000000
0.660000,-0.700000,0.000000
0.660000,-0.690000,0.000000
0.660000,-0.680000,0.000000
0.660000,-0.670000,0.000000
0.660000,-0.660000,0.000000
0.660000,-0.650000,0.000000
0.660000,-0.640000,0.000000
0.660000,-0.630000,0.000000
0.660000,-0.620000,0.000000
0.660000,-0.610000,0.000000
0.660000,-0.600000,0.000000
0.660000,-0.590000,0.000000
0.660000,-0.580000,0.000000
0.660000,-0.570000,0.000000
0.660000,-0.560000,0.000000
0.660000,-0.550000,0.000000
0.660000,-0.540000,0.012904
0.660000,-0.530000,0.028618
0.660000,-0.520000,0.037659
0.660000,-0.510000,0.044385
0.660000,-0.500000,0.049796
0.660000,-0.490000,0.054334
0.660000,-0.480000,0.058191
0.660000,-0.470000,0.061552
0.660000,-0.460000,0.064487
0.660000,-0.450000,0.067059
0.660000,-0.440000,0.069340
0.660000,-0.430000,0.071353
0.660000,-0.420000,0.073112
0.660000,-0.410000,0.074644
0.660000,-0.400000,0.075976
0.660000,-0.390000,0.077142
0.660000,-0.380000,0.078123
0.660000,-0.370000,0.078964
0.660000,-0.360000,0.079641
0.660000,-0.350000,0.080192
0.660000,-0.340000,0.080608
0.660000,-0.330000,0.080894
0.660000,-0.320000,0.081037
0.660000,-0.310000,0.081070
0.660000,-0.300000,0.080980
0.660000,-0.290000,0.080769
0.660000,-0.280000,0.080437
0.660000,-0.270000,0.079983
0.660000,-0.260000,0.079396
0.660000,-0.250000,0.078697
0.660000,-0.240000,0.077874
0.660000,-0.230000,0.076923
0.660000,-0.220000,0.075843
0.660000,-0.210000,0.074630
0.660000,-0.200000,0.073280
0.660000,-0.190000,0.071789
0.660000,-0.180000,0.070148
0.660000,-0.170000,0.068359
0.660000,-0.160000,0.066415
0.660000,-0.150000,0.064300
0.660000,-0.140000,0.062010
0.660000,-0.130000,0.059532
0.660000,-0.120000,0.056854
0.660000,-0.110000,0.053960
0.660000,-0.100000,0.050826
0.660000,-0.090000,0.047423
0.660000,-0.080000,0.043706
0.660000,-0.070000,0.039621
0.660000,-0.060000,0.035128
0.660000,-0.050000,0.030060
0.660000,-0.040000,0.024132
0.660000,-0.030000,0.016528
0.660000,-0.020000,0.000000
0.660000,-0.010000,0.000000
0.660000,0.000000,0.000000
0.660000,0.010000,0.000000
0.660000,0.020000,0.000000
0.660000,0.030000,0.000000
0.660000,0.040000,0.000000
0.660000,0.050000,0.000000
0.660000,0.060000,0.000000
0.660000,0.070000,0.000000
0.660000,0.080000,0.000000
0.660000,0.090000,0.000000
0.660000,0.100000,0.000000
0.660000,0.110000,0.000000
0.660000,0.120000,0.000000
0.660000,0.130000,0.000000
0.660000,0.140000,0.000000
0.660000,0.150000,0.000000
0.660000,0.160000,0.000000
0.660000,0.170000,0.000000
0.660000,0.180000,0.000000
0.660000,0.190000,0.000000
0.660000,0.200000,0.000000
0.660000,0.210000,0.000000
0.660000,0.220000,0.000000
0.660000,0.230000,0.000000
0.660000,0.240000,0.000000
0.660000,0.250000,0.000000
0.660000,0.260000,0.000000
0.660000,0.270000,0.000000
0.660000,0.280000,0.000000
0.660000,0.290000,0.000000
0.660000,0.300000,0.000000
0.660000,0.310000,0.000000
0.660000,0.320000,0.000000
0.660000,0.330000,0.000000
0.660000,0.340000,0.000000
0.660000,0.350000,0.000000
0.660000,0.360000,0.000000
0.660000,0.370000,0.000000
0.660000,0.380000,0.000000
0.660000,0.390000,0.000000
0.660000,0.400000,0.000000
0.660000,0.410000,0.000000
0.660000,0.420000,0.000000
0.660000,0.430000,0.000000
0.660000,0.440000,0.000000
0.660000,0.450000,0.000000
0.660000,0.460000,0.000000
0.670000,-1.030000,0.000000
0.670000,-1.020000,0.000000
0.670000,-1.010000,0.000000
0.670000,-1.000000,0.000000
0.670000,-0.990000,0.000000
0.670000,-0.980000,0.000000
0.670000,-0.970000,0.000000
0.670000,-0.960000,0.000000
0.670000,-0.950000,0.000000
0.670000,-0.940000,0.000000
0.670000,-0.930000,0.000000
0.670000,-0.920000,0.000000
0.670000,-0.910000,0.000000
0.670000,-0.900000,0.000000
0.670000,-0.890000,0.000000
0.670000,-0.880000,0.000000
0.670000,-0.870000,0.000000
0.670000,-0.860000,0.000000
0.670000,-0.850000,0.000000
0.670000,-0.840000,0.000000
0.670000,-0.830000,0.000000
0.670000,-0.820000,0.000000
0.670000,-0.810000,0.000000
0.670000,-0.800000,0.000000
0.670000,-0.790000,0.000000
0.670000,-0.780000,0.000000
0.670000,-0.770000,0.000000
0.670000,-0.760000,0.000000
0.670000,-0.750000,0.000000
0.670000,-0.740000,0.000000
0.670000,-0.730000,0.000000
0.670000,-0.720000,0.000000
0.670000,-0.710000,0.000000
0.670000,-0.700000,0.000000
0.670000,-0.690000,0.000000
0.670000,-0.680000,0.000000
0.670000,-0.670000,0.000000
0.670000,-0.660000,0.000000
0.670000,-0.650000,0.000000
0.670000,-0.640000,0.000000
0.670000,-0.630000,0.000000
0.670000,-0.620000,0.000000
0.670000,-0.610000,0.000000
0.670000,-0.600000,0.000000
0.670000,-0.590000,0.000000
0.670000,-0.580000,0.000000
0.670000,-0.570000,0.000000
0.670000,-0.560000,0.000000
0.670000,-0.550000,0.000000
0.670000,-0.540000,0.000000
0.670000,-0.530000,0.000000
0.670000,-0.520000,0.016857
0.670000,-0.510000,0.029830
0.670000,-0.500000,0.038037
0.670000,-0.490000,0.044263
0.670000,-0.480000,0.049328
0.670000,-0.470000,0.053556
0.670000,-0.460000,0.057162
0.670000,-0.450000,0.060300
0.670000,-0.440000,0.063032
0.670000,-0.430000,0.065421
0.670000,-0.420000,0.067504
0.670000,-0.410000,0.069337
0.670000,-0.400000,0.070933
0.670000,-0.390000,0.072301
0.670000,-0.380000,0.073462
0.670000,-0.370000,0.074436
0.670000,-0.360000,0.075252
0.670000,-0.350000,0.075890
0.670000,-0.340000,0.076390
0.670000,-0.330000,0.076727
0.670000,-0.320000,0.076934
0.670000,-0.310000,0.077002
0.670000,-0.300000,0.076934
0.670000,-0.290000,0.076719
0.670000,-0.280000,0.076382
0.670000,-0.270000,0.075911
0.670000,-0.260000,0.075307
0.670000,-0.250000,0.074568
0.670000,-0.240000,0.073692
0.670000,-0.230000,0.072678
0.670000,-0.220000,0.071515
0.670000,-0.210000,0.070214
0.670000,-0.200000,0.068763
0.670000,-0.190000,0.067157
0.670000,-0.180000,0.065391
0.670000,-0.170000,0.063460
0.670000,-0.160000,0.061347
0.670000,-0.150000,0.059046
0.670000,-0.140000,0.056548
0.670000,-0.130000,0.053829
0.670000,-0.120000,0.050873
0.670000,-0.110000,0.047647
0.670000,-0.100000,0.044105
0.670000,-0.090000,0.040231
0.670000,-0.080000,0.035948
0.670000,-0.070000,0.031113
0.670000,-0.060000,0.025470
0.670000,-0.050000,0.018376
0.670000,-0.040000,0.006532
0.670000,-0.030000,0.000000
0.670000,-0.020000,0.000000
0.670000,-0.010000,0.000000
0.670000,0.000000,0.000000
0.670000,0.010000,0.000000
0.670000,0.020000,0.000000
0.670000,0.030000,0.000000
0.670000,0.040000,0.000000
0.670000,0.050000,0.000000
0.670000,0.060000,0.000000
0.670000,0.070000,0.000000
0.670000,0.080000,0.000000
0.670000,0.090000,0.000000
0.670000,0.100000,0.000000
0.670000,0.110000,0.000000
0.670000,0.120000,0.000000
0.670000,0.130000,0.000000
0.670000,0.140000,0.000000
0.670000,0.150000,0.000000
0.670000,0.160000,0.000000
0.670000,0.170000,0.000000
0.670000,0.180000,0.000000
0.670000,0.190000,0.000000
0.670000,0.200000,0.000000
0.670000,0.210000,0.000000
0.670000,0.220000,0.000000
0.670000,0.230000,0.000000
0.670000,0.240000,0.000000
0.670000,0.250000,0.000000
0.670000,0.260000,0.000000
0.670000,0.270000,0.000000
0.670000,0.280000,0.000000
0.670000,0.290000,0.000000
0.670000,0.300000,0.000000
0.670000,0.310000,0.000000
0.670000,0.320000,0.000000
0.670000,0.330000,0.000000
0.670000,0.340000,0.000000
0.670000,0.350000,0.000000
0.670000,0.360000,0.000000
0.670000,0.370000,0.000000
0.670000,0.380000,0.000000
0.670000,0.390000,0.000000
0.670000,0.400000,0.000000
0.670000,0.410000,0.000000
0.670000,0.420000,0.000000
0.670000,0.430000,0.000000
0.670000,0.440000,0.000000
0.670000,0.450000,0.000000
0.670000,0.460000,0.000000
0.680000,-1.030000,0.000000
0.680000,-1.020000,0.000000
0.680000,-1.010000,0.000000
0.680000,-1.000000,0.000000
0.680000,-0.990000,0.000000
0.680000,-0.980000,0.000000
0.680000,-0.970000,0.000000
0.680000,-0.960000,0.000000
0.680000,-0.950000,0.000000
0.680000,-0.940000,0.000000
0.680000,-0.930000,0.000000
0.680000,-0.920000,0.000000
0.680000,-0.910000,0.000000
0.680000,-0.900000,0.000000
0.680000,-0.890000,0.000000
0.680000,-0.880000,0.000000
0.680000,-0.870000,0.000000
0.680000,-0.860000,0.000000
0.680000,-0.850000,0.000000
0.680000,-0.840000,0.000000
0.680000,-0.830000,0.000000
0.680000,-0.820000,0.000000
0.680000,-0.810000,0.000000
0.680000,-0.800000,0.000000
0.680000,-0.790000,0.000000
0.680000,-0.780000,0.000000
0.680000,-0.770000,0.000000
0.680000,-0.760000,0.000000
0.680000,-0.750000,0.000000
0.680000,-0.740000,0.000000
0.680000,-0.730000,0.000000
0.680000,-0.720000,0.000000
0.680000,-0.710000,0.000000
0.680000,-0.700000,0.000000
0.680000,-0.690000,0.000000
0.680000,-0.680000,0.000000
0.680000,-0.670000,0.000000
0.680000,-0.660000,0.000000
0.680000,-0.650000,0.000000
0.680000,-0.640000,0.000000
0.680000,-0.630000,0.000000
0.680000,-0.620000,0.000000
0.680000,-0.610000,0.000000
0.680000,-0.600000,0.000000
0.680000,-0.590000,0.000000
0.680000,-0.580000,0.000000
0.680000,-0.570000,0.000000
0.680000,-0.560000,0.000000
0.680000,-0.550000,0.000000
0.680000,-0.540000,0.000000
0.680000,-0.530000,0.000000
0.680000,-0.520000,0.000000
0.680000,-0.510000,0.000000
0.680000,-0.500000,0.016413
0.680000,-0.490000,0.028826
0.680000,-0.480000,0.036699
0.680000,-0.470000,0.042676
0.680000,-0.460000,0.047503
0.680000,-0.450000,0.051526
0.680000,-0.440000,0.054961
0.680000,-0.430000,0.057893
0.680000,-0.420000,0.060448
0.680000,-0.410000,0.062660
0.680000,-0.400000,0.064573
0.680000,-0.390000,0.066222
0.680000,-0.380000,0.067627
0.680000,-0.370000,0.068820
0.680000,-0.360000,0.069807
0.680000,-0.350000,0.070593
0.680000,-0.340000,0.071197
0.680000,-0.330000,0.071641
0.680000,-0.320000,0.071909
0.680000,-0.310000,0.072030
0.680000,-0.300000,0.071997
0.680000,-0.290000,0.071803
0.680000,-0.280000,0.071469
0.680000,-0.270000,0.070987
0.680000,-0.260000,0.070357
0.680000,-0.250000,0.069577
0.680000,-0.240000,0.068646
0.680000,-0.230000,0.067561
0.680000,-0.220000,0.066319
0.680000,-0.210000,0.064916
0.680000,-0.200000,0.063345
0.680000,-0.190000,0.061601
0.680000,-0.180000,0.059675
0.680000,-0.170000,0.057560
0.680000,-0.160000,0.055235
0.680000,-0.150000,0.052690
0.680000,-0.140000,0.049897
0.680000,-0.130000,0.046830
0.680000,-0.120000,0.043468
0.680000,-0.110000,0.039752
0.680000,-0.100000,0.035627
0.680000,-0.090000,0.030937
0.680000,-0.080000,0.025430
0.680000,-0.070000,0.018455
0.680000,-0.060000,0.006821
0.680000,-0.050000,0.000000
0.680000,-0.040000,0.000000
0.680000,-0.030000,0.000000
0.680000,-0.020000,0.000000
0.680000,-0.010000,0.000000
0.680000,0.000000,0.000000
0.680000,0.010000,0.000000
0.680000,0.020000,0.000000
0.680000,0.030000,0.000000
0.680000,0.040000,0.000000
0.680000,0.050000,0.000000
0.680000,0.060000,0.000000
0.680000,0.070000,0.000000
0.680000,0.080000,0.000000
0.680000,0.090000,0.000000
0.680000,0.100000,0.000000
0.680000,0.110000,0.000000
0.680000,0.120000,0.000000
0.680000,0.130000,0.000000
0.680000,0.140000,0.000000
0.680000,0.150000,0.000000
0.680000,0.160000,0.000000
0.680000,0.170000,0.000000
0.680000,0.180000,0.000000
0.680000,0.190000,0.000000
0.680000,0.200000,0.000000
0.680000,0.210000,0.000000
0.680000,0.220000,0.000000
0.680000,0.230000,0.000000
0.680000,0.240000,0.000000
0.680000,0.250000,0.000000
0.680000,0.260000,0.000000
0.680000,0.270000,0.000000
0.680000,0.280000,0.000000
0.680000,0.290000,0.000000
0.680000,0.300000,0.000000
0.680000,0.310000,0.000000
0.680000,0.320000,0.000000
0.680000,0.330000,0.000000
0.680000,0.340000,0.000000
0.680000,0.350000,0.000000
0.680000,0.360000,0.000000
0.680000,0.370000,0.000000
0.680000,0.380000,0.000000
0.680000,0.390000,0.000000
0.680000,0.400000,0.000000
0.680000,0.410000,0.000000
0.680000,0.420000,0.000000
0.680000,0.430000,0.000000
0.680000,0.440000,0.000000
0.680000,0.450000,0.000000
0.680000,0.460000,0.000000
0.690000,-1.030000,0.000000
0.690000,-1.020000,0.000000
0.690000,-1.010000,0.000000
0.690000,-1.000000,0.000000
0.690000,-0.990000,0.000000
0.690000,-0.980000,0.000000
0.690000,-0.970000,0.000000
0.690000,-0.960000,0.000000
0.690000,-0.950000,0.000000
0.690000,-0.940000,0.000000
0.690000,-0.930000,0.000000
0.690000,-0.920000,0.000000
0.690000,-0.910000,0.000000
0.690000,-0.900000,0.000000
0.690000,-0.890000,0.000000
0.690000,-0.880000,0.000000
0.690000,-0.870000,0.000000
0.690000,-0.860000,0.000000
0.690000,-0.850000,0.000000
0.690000,-0.840000,0.000000
0.690000,-0.830000,0.000000
0.690000,-0.820000,0.000000
0.690000,-0.810000,0.000000
0.690000,-0.800000,0.000000
0.690000,-0.790000,0.000000
0.690000,-0.780000,0.000000
0.690000,-0.770000,0.000000
0.690000,-0.760000,0.000000
0.690000,-0.750000,0.000000
0.690000,-0.740000,0.000000
0.690000,-0.730000,0.000000
0.690000,-0.720000,0.000000
0.690000,-0.710000,0.000000
0.690000,-0.700000,0.000000
0.690000,-0.690000,0.000000
0.690000,-0.680000,0.000000
0.690000,-0.670000,0.000000
0.690000,-0.660000,0.000000
0.690000,-0.650000,0.000000
0.690000,-0.640000,0.000000
0.690000,-0.630000,0.000000
0.690000,-0.620000,0.000000
0.690000,-0.610000,0.000000
0.690000,-0.600000,0.000000
0.690000,-0.590000,0.000000
0.690000,-0.580000,0.000000
0.690000,-0.570000,0.000000
0.690000,-0.560000,0.000000
0.690000,-0.550000,0.000000
0.690000,-0.540000,0.000000
0.690000,-0.530000,0.000000
0.690000,-0.520000,0.000000
0.690000,-0.510000,0.000000
0.690000,-0.500000,0.000000
0.690000,-0.490000,0.000000
0.690000,-0.480000,0.010840
0.690000,-0.470000,0.025229
0.690000,-0.460000,0.033341
0.690000,-0.450000,0.039324
0.690000,-0.440000,0.044084
0.690000,-0.430000,0.048019
0.690000,-0.420000,0.051312
0.690000,-0.410000,0.054124
0.690000,-0.400000,0.056525
0.690000,-0.390000,0.058554
0.690000,-0.380000,0.060298
0.690000,-0.370000,0.061767
0.690000,-0.360000,0.062988
0.690000,-0.350000,0.063979
0.690000,-0.340000,0.064757
0.690000,-0.330000,0.065335
0.690000,-0.320000,0.065722
0.690000,-0.310000,0.065925
0.690000,-0.300000,0.065947
0.690000,-0.290000,0.065798
0.690000,-0.280000,0.065480
0.690000,-0.270000,0.064987
0.690000,-0.260000,0.064332
0.690000,-0.250000,0.063508
0.690000,-0.240000,0.062513
0.690000,-0.230000,0.061344
0.690000,-0.220000,0.059997
0.690000,-0.210000,0.058467
0.690000,-0.200000,0.056741
0.690000,-0.190000,0.054809
0.690000,-0.180000,0.052662
0.690000,-0.170000,0.050277
0.690000,-0.160000,0.047664
0.690000,-0.150000,0.044759
0.690000,-0.140000,0.041535
0.690000,-0.130000,0.037958
0.690000,-0.120000,0.033914
0.690000,-0.110000,0.029247
0.690000,-0.100000,0.023652
0.690000,-0.090000,0.016295
0.690000,-0.080000,0.000000
0.690000,-0.070000,0.000000
0.690000,-0.060000,0.000000
0.690000,-0.050000,0.000000
0.690000,-0.040000,0.000000
0.690000,-0.030000,0.000000
0.690000,-0.020000,0.000000
0.690000,-0.010000,0.000000
0.690000,0.000000,0.000000
0.690000,0.010000,0.000000
0.690000,0.020000,0.000000
0.690000,0.030000,0.000000
0.690000,0.040000,0.000000
0.690000,0.050000,0.000000
0.690000,0.060000,0.000000
0.690000,0.070000,0.000000
0.690000,0.080000,0.000000
0.690000,0.090000,0.000000
0.690000,0.100000,0.000000
0.690000,0.110000,0.000000
0.690000,0.120000,0.000000
0.690000,0.130000,0.000000
0.690000,0.140000,0.000000
0.690000,0.150000,0.000000
0.690000,0.160000,0.000000
0.690000,0.170000,0.000000
0.690000,0.180000,0.000000
0.690000,0.190000,0.000000
0.690000,0.200000,0.000000
0.690000,0.210000,0.000000
0.690000,0.220000,0.000000
0.690000,0.230000,0.000000
0.690000,0.240000,0.000000
0.690000,0.250000,0.000000
0.690000,0.260000,0.000000
0.690000,0.270000,0.000000
0.690000,0.280000,0.000000
0.690000,0.290000,0.000000
0.690000,0.300000,0.000000
0.690000,0.310000,0.000000
0.690000,0.320000,0.000000
0.690000,0.330000,0.000000
0.690000,0.340000,0.000000
0.690000,0.350000,0.000000
0.690000,0.360000,0.000000
0.690000,0.370000,0.000000
0.690000,0.380000,0.000000
0.690000,0.390000,0.000000
0.690000,0.400000,0.000000
0.690000,0.410000,0.000000
0.690000,0.420000,0.000000
0.690000,0.430000,0.000000
0.690000,0.440000,0.000000
0.690000,0.450000,0.000000
0.690000,0.460000,0.000000
0.700000,-1.030000,0.000000
0.700000,-1.020000,0.000000
0.700000,-1.010000,0.000000
0.700000,-1.000000,0.000000
0.700000,-0.990000,0.000000
0.700000,-0.980000,0.000000
0.700000,-0.970000,0.000000
0.700000,-0.960000,0.000000
0.700000,-0.950000,0.000000
0.700000,-0.940000,0.000000
0.700000,-0.930000,0.000000
0.700000,-0.920000,0.000000
0.700000,-0.910000,0.000000
0.700000,-0.900000,0.000000
0.700000,-0.890000,0.000000
0.700000,-0.880000,0.000000
0.700000,-0.870000,0.000000
0.700000,-0.860000,0.000000
0.700000,-0.850000,0.000000
0.700000,-0.840000,0.000000
0.700000,-0.830000,0.000000
0.700000,-0.820000,0.000000
0.700000,-0.810000,0.000000
0.700000,-0.800000,0.000000
0.700000,-0.790000,0.000000
0.700000,-0.780000,0.000000
0.700000,-0.770000,0.000000
0.700000,-0.760000,0.000000
0.700000,-0.750000,0.000000
0.700000,-0.740000,0.000000
0.700000,-0.730000,0.000000
0.700000,-0.720000,0.000000
0.700000,-0.710000,0.000000
0.700000,-0.700000,0.000000
0.700000,-0.690000,0.000000
0.700000,-0.680000,0.000000
0.700000,-0.670000,0.000000
0.700000,-0.660000,0.000000
0.700000,-0.650000,0.000000
0.700000,-0.640000,0.000000
0.700000,-0.630000,0.000000
0.700000,-0.620000,0.000000
0.700000,-0.610000,0.000000
0.700000,-0.600000,0.000000
0.700000,-0.590000,0.000000
0.700000,-0.580000,0.000000
0.700000,-0.570000,0.000000
0.700000,-0.560000,0.000000
0.700000,-0.550000,0.000000
0.700000,-0.540000,0.000000
0.700000,-0.530000,0.000000
0.700000,-0.520000,0.000000
0.700000,-0.510000,0.000000
0.700000,-0.500000,0.000000
0.700000,-0.490000,0.000000
0.700000,-0.480000,0.000000
0.700000,-0.470000,0.000000
0.700000,-0.460000,0.000000
0.700000,-0.450000,0.017328
0.700000,-0.440000,0.027101
0.700000,-0.430000,0.033612
0.700000,-0.420000,0.038572
0.700000,-0.410000,0.042564
0.700000,-0.400000,0.045839
0.700000,-0.390000,0.048578
0.700000,-0.380000,0.050851
0.700000,-0.370000,0.052763
0.700000,-0.360000,0.054345
0.700000,-0.350000,0.055631
0.700000,-0.340000,0.056630
0.700000,-0.330000,0.057403
0.700000,-0.320000,0.057946
0.700000,-0.310000,0.058269
0.700000,-0.300000,0.058382
0.700000,-0.290000,0.058292
0.700000,-0.280000,0.058003
0.700000,-0.270000,0.057518
0.700000,-0.260000,0.056837
0.700000,-0.250000,0.055960
0.700000,-0.240000,0.054883
0.700000,-0.230000,0.053602
0.700000,-0.220000,0.052109
0.700000,-0.210000,0.050415
0.700000,-0.200000,0.048470
0.700000,-0.190000,0.046275
0.700000,-0.180000,0.043804
0.700000,-0.170000,0.041047
0.700000,-0.160000,0.037916
0.700000,-0.150000,0.034372
0.700000,-0.140000,0.030276
0.700000,-0.130000,0.025408
0.700000,-0.120000,0.019255
0.700000,-0.110000,0.009850
0.700000,-0.100000,0.000000
0.700000,-0.090000,0.000000
0.700000,-0.080000,0.000000
0.700000,-0.070000,0.000000
0.700000,-0.060000,0.000000
0.700000,-0.050000,0.000000
0.700000,-0.040000,0.000000
0.700000,-0.030000,0.000000
0.700000,-0.020000,0.000000
0.700000,-0.010000,0.000000
0.700000,0.000000,0.000000
0.700000,0.010000,0.000000
0.700000,0.020000,0.000000
0.700000,0.030000,0.000000
0.700000,0.040000,0.000000
0.700000,0.050000,0.000000
0.700000,0.060000,0.000000
0.700000,0.070000,0.000000
0.700000,0.080000,0.000000
0.700000,0.090000,0.000000
0.700000,0.100000,0.000000
0.700000,0.110000,0.000000
0.700000,0.120000,0.000000
0.700000,0.130000,0.000000
0.700000,0.140000,0.000000
0.700000,0.150000,0.000000
0.700000,0.160000,0.000000
0.700000,0.170000,0.000000
0.700000,0.180000,0.000000
0.700000,0.190000,0.000000
0.700000,0.200000,0.000000
0.700000,0.210000,0.000000
0.700000,0.220000,0.000000
0.700000,0.230000,0.000000
0.700000,0.240000,0.000000
0.700000,0.250000,0.000000
0.700000,0.260000,0.000000
0.700000,0.270000,0.000000
0.700000,0.280000,0.000000
0.700000,0.290000,0.000000
0.700000,0.300000,0.000000
0.700000,0.310000,0.000000
0.700000,0.320000,0.000000
0.700000,0.330000,0.000000
0.700000,0.340000,0.000000
0.700000,0.350000,0.000000
0.700000,0.360000,0.000000
0.700000,0.370000,0.000000
0.700000,0.380000,0.000000
0.700000,0.390000,0.000000
0.700000,0.400000,0.000000
0.700000,0.410000,0.000000
0.700000,0.420000,0.000000
0.700000,0.430000,0.000000
0.700000,0.440000,0.000000
0.700000,0.450000,0.000000
0.700000,0.460000,0.000000
0.710000,-1.030000,0.000000
0.710000,-1.020000,0.000000
0.710000,-1.010000,0.000000
0.710000,-1.000000,0.000000
0.710000,-0.990000,0.000000
0.710000,-0.980000,0.000000
0.710000,-0.970000,0.000000
0.710000,-0.960000,0.000000
0.710000,-0.950000,0.000000
0.710000,-0.940000,0.000000
0.710000,-0.930000,0.000000
0.710000,-0.920000,0.000000
0.710000,-0.910000,0.000000
0.710000,-0.900000,0.000000
0.710000,-0.890000,0.000000
0.710000,-0.880000,0.000000
0.710000,-0.870000,0.000000
0.710000,-0.860000,0.000000
0.710000,-0.850000,0.000000
0.710000,-0.840000,0.000000
0.710000,-0.830000,0.000000
0.710000,-0.820000,0.000000
0.710000,-0.810000,0.000000
0.710000,-0.800000,0.000000
0.710000,-0.790000,0.000000
0.710000,-0.780000,0.000000
0.710000,-0.770000,0.000000
0.710000,-0.760000,0.000000
0.710000,-0.750000,0.000000
0.710000,-0.740000,0.000000
0.710000,-0.730000,0.000000
0.710000,-0.720000,0.000000
0.710000,-0.710000,0.000000
0.710000,-0.700000,0.000000
0.710000,-0.690000,0.000000
0.710000,-0.680000,0.000000
0.710000,-0.670000,0.000000
0.710000,-0.660000,0.000000
0.710000,-0.650000,0.000000
0.710000,-0.640000,0.000000
0.710000,-0.630000,0.000000
0.710000,-0.620000,0.000000
0.710000,-0.610000,0.000000
0.710000,-0.600000,0.000000
0.710000,-0.590000,0.000000
0.710000,-0.580000,0.000000
0.710000,-0.570000,0.000000
0.710000,-0.560000,0.000000
0.710000,-0.550000,0.000000
0.710000,-0.540000,0.000000
0.710000,-0.530000,0.000000
0.710000,-0.520000,0.000000
0.710000,-0.510000,0.000000
0.710000,-0.500000,0.000000
0.710000,-0.490000,0.000000
0.710000,-0.480000,0.000000
0.710000,-0.470000,0.000000
0.710000,-0.460000,0.000000
0.710000,-0.450000,0.000000
0.710000,-0.440000,0.000000
0.710000,-0.430000,0.000000
0.710000,-0.420000,0.014502
0.710000,-0.410000,0.023768
0.710000,-0.400000,0.029726
0.710000,-0.390000,0.034175
0.710000,-0.380000,0.037673
0.710000,-0.370000,0.040480
0.710000,-0.360000,0.042742
0.710000,-0.350000,0.044572
0.710000,-0.340000,0.046020
0.710000,-0.330000,0.047132
0.710000,-0.320000,0.047939
0.710000,-0.310000,0.048445
0.710000,-0.300000,0.048707
0.710000,-0.290000,0.048715
0.710000,-0.280000,0.048479
0.710000,-0.270000,0.048004
0.710000,-0.260000,0.047289
0.710000,-0.250000,0.046333
0.710000,-0.240000,0.045150
0.710000,-0.230000,0.043691
0.710000,-0.220000,0.041961
0.710000,-0.210000,0.039938
0.710000,-0.200000,0.037605
0.710000,-0.190000,0.034886
0.710000,-0.180000,0.031732
0.710000,-0.170000,0.028009
0.710000,-0.160000,0.023486
0.710000,-0.150000,0.017632
0.710000,-0.140000,0.008135
0.710000,-0.130000,0.000000
0.710000,-0.120000,0.000000
0.710000,-0.110000,0.000000
0.710000,-0.100000,0.000000
0.710000,-0.090000,0.000000
0.710000,-0.080000,0.000000
0.710000,-0.070000,0.000000
0.710000,-0.060000,0.000000
0.710000,-0.050000,0.000000
0.710000,-0.040000,0.000000
0.710000,-0.030000,0.000000
0.710000,-0.020000,0.000000
0.710000,-0.010000,0.000000
0.710000,0.000000,0.000000
0.710000,0.010000,0.000000
0.710000,0.020000,0.000000
0.710000,0.030000,0.000000
0.710000,0.040000,0.000000
0.710000,0.050000,0.000000
0.710000,0.060000,0.000000
0.710000,0.070000,0.000000
0.710000,0.080000,0.000000
0.710000,0.090000,0.000000
0.710000,0.100000,0.000000
0.710000,0.110000,0.000000
0.710000,0.120000,0.000000
0.710000,0.130000,0.000000
0.710000,0.140000,0.000000
0.710000,0.150000,0.000000
0.710000,0.160000,0.000000
0.710000,0.170000,0.000000
0.710000,0.180000,0.000000
0.710000,0.190000,0.000000
0.710000,0.200000,0.000000
0.710000,0.210000,0.000000
0.710000,0.220000,0.000000
0.710000,0.230000,0.000000
0.710000,0.240000,0.000000
0.710000,0.250000,0.000000
0.710000,0.260000,0.000000
0.710000,0.270000,0.000000
0.710000,0.280000,0.000000
0.710000,0.290000,0.000000
0.710000,0.300000,0.000000
0.710000,0.310000,0.000000
0.710000,0.320000,0.000000
0.710000,0.330000,0.000000
0.710000,0.340000,0.000000
0.710000,0.350000,0.000000
0.710000,0.360000,0.000000
0.710000,0.370000,0.000000
0.710000,0.380000,0.000000
0.710000,0.390000,0.000000
0.710000,0.400000,0.000000
0.710000,0.410000,0.000000
0.710000,0.420000,0.000000
0.710000,0.430000,0.000000
0.710000,0.440000,0.000000
0.710000,0.450000,0.000000
0.710000,0.460000,0.000000
0.720000,-1.030000,0.000000
0.720000,-1.020000,0.000000
0.720000,-1.010000,0.000000
0.720000,-1.000000,0.000000
0.720000,-0.990000,0.000000
0.720000,-0.980000,0.000000
0.720000,-0.970000,0.000000
0.720000,-0.960000,0.000000
0.720000,-0.950000,0.000000
0.720000,-0.940000,0.000000
0.720000,-0.930000,0.000000
0.720000,-0.920000,0.000000
0.720000,-0.910000,0.000000
0.720000,-0.900000,0.000000
0.720000,-0.890000,0.000000
0.720000,-0.880000,0.000000
0.720000,-0.870000,0.000000
0.720000,-0.860000,0.000000
0.720000,-0.850000,0.000000
0.720000,-0.840000,0.000000
0.720000,-0.830000,0.000000
0.720000,-0.820000,0.000000
0.720000,-0.810000,0.000000
0.720000,-0.800000,0.000000
0.720000,-0.790000,0.000000
0.720000,-0.780000,0.000000
0.720000,-0.770000,0.000000
0.720000,-0.760000,0.000000
0.720000,-0.750000,0.000000
0.720000,-0.740000,0.000000
0.720000,-0.730000,0.000000
0.720000,-0.720000,0.000000
0.720000,-0.710000,0.000000
0.720000,-0.700000,0.000000
0.720000,-0.690000,0.000000
0.720000,-0.680000,0.000000
0.720000,-0.670000,0.000000
0.720000,-0.660000,0.000000
0.720000,-0.650000,0.000000
0.720000,-0.640000,0.000000
0.720000,-0.630000,0.000000
0.720000,-0.620000,0.000000
0.720000,-0.610000,0.000000
0.720000,-0.600000,0.000000
0.720000,-0.590000,0.000000
0.720000,-0.580000,0.000000
0.720000,-0.570000,0.000000
0.720000,-0.560000,0.000000
0.720000,-0.550000,0.000000
0.720000,-0.540000,0.000000
0.720000,-0.530000,0.000000
0.720000,-0.520000,0.000000
0.720000,-0.510000,0.000000
0.720000,-0.500000,0.000000
0.720000,-0.490000,0.000000
0.720000,-0.480000,0.000000
0.720000,-0.470000,0.000000
0.720000,-0.460000,0.000000
0.720000,-0.450000,0.000000
0.720000,-0.440000,0.000000
0.720000,-0.430000,0.000000
0.720000,-0.420000,0.000000
0.720000,-0.410000,0.000000
0.720000,-0.400000,0.000000
0.720000,-0.390000,0.000000
0.720000,-0.380000,0.011364
0.720000,-0.370000,0.019323
0.720000,-0.360000,0.024195
0.720000,-0.350000,0.027682
0.720000,-0.340000,0.030285
0.720000,-0.330000,0.032234
0.720000,-0.320000,0.033658
0.720000,-0.310000,0.034632
0.720000,-0.300000,0.035213
0.720000,-0.290000,0.035428
0.720000,-0.280000,0.035298
0.720000,-0.270000,0.034831
0.720000,-0.260000,0.034029
0.720000,-0.250000,0.032881
0.720000,-0.240000,0.031368
0.720000,-0.230000,0.029449
0.720000,-0.220000,0.027059
0.720000,-0.210000,0.024088
0.720000,-0.200000,0.020320
0.720000,-0.190000,0.015234
0.720000,-0.180000,0.000000
0.720000,-0.170000,0.000000
0.720000,-0.160000,0.000000
0.720000,-0.150000,0.000000
0.720000,-0.140000,0.000000
0.720000,-0.130000,0.000000
0.720000,-0.120000,0.000000
0.720000,-0.110000,0.000000
0.720000,-0.100000,0.000000
0.720000,-0.090000,0.000000
0.720000,-0.080000,0.000000
0.720000,-0.070000,0.000000
0.720000,-0.060000,0.000000
0.720000,-0.050000,0.000000
0.720000,-0.040000,0.000000
0.720000,-0.030000,0.000000
0.720000,-0.020000,0.000000
0.720000,-0.010000,0.000000
0.720000,0.000000,0.000000
0.720000,0.010000,0.000000
0.720000,0.020000,0.000000
0.720000,0.030000,0.000000
0.720000,0.040000,0.000000
0.720000,0.050000,0.000000
0.720000,0.060000,0.000000
0.720000,0.070000,0.000000
0.720000,0.080000,0.000000
0.720000,0.090000,0.000000
0.720000,0.100000,0.000000
0.720000,0.110000,0.000000
0.720000,0.120000,0.000000
0.720000,0.130000,0.000000
0.720000,0.140000,0.000000
0.720000,0.150000,0.000000
0.720000,0.160000,0.000000
0.720000,0.170000,0.000000
0.720000,0.180000,0.000000
0.720000,0.190000,0.000000
0.720000,0.200000,0.000000
0.720000,0.210000,0.000000
0.720000,0.220000,0.000000
0.720000,0.230000,0.000000
0.720000,0.240000,0.000000
0.720000,0.250000,0.000000
0.720000,0.260000,0.000000
0.720000,0.270000,0.000000
0.720000,0.280000,0.000000
0.720000,0.290000,0.000000
0.720000,0.300000,0.000000
0.720000,0.310000,0.000000
0.720000,0.320000,0.000000
0.720000,0.330000,0.000000
0.720000,0.340000,0.000000
0.720000,0.350000,0.000000
0.720000,0.360000,0.000000
0.720000,0.370000,0.000000
0.720000,0.380000,0.000000
0.720000,0.390000,0.000000
0.720000,0.400000,0.000000
0.720000,0.410000,0.000000
0.720000,0.420000,0.000000
0.720000,0.430000,0.000000
0.720000,0.440000,0.000000
0.720000,0.450000,0.000000
0.720000,0.460000,0.000000
0.730000,-1.030000,0.000000
0.730000,-1.020000,0.000000
0.730000,-1.010000,0.000000
0.730000,-1.000000,0.000000
0.730000,-0.990000,0.000000
0.730000,-0.980000,0.000000
0.730000,-0.970000,0.000000
0.730000,-0.960000,0.000000
0.730000,-0.950000,0.000000
0.730000,-0.940000,0.000000
0.730000,-0.930000,0.000000
0.730000,-0.920000,0.000000
0.730000,-0.910000,0.000000
0.730000,-0.900000,0.000000
0.730000,-0.890000,0.000000
0.730000,-0.880000,0.000000
0.730000,-0.870000,0.000000
0.730000,-0.860000,0.000000
0.730000,-0.850000,0.000000
0.730000,-0.840000,0.000000
0.730000,-0.830000,0.000000
0.730000,-0.820000,0.000000
0.730000,-0.810000,0.000000
0.730000,-0.800000,0.000000
0.730000,-0.790000,0.000000
0.730000,-0.780000,0.000000
0.730000,-0.770000,0.000000
0.730000,-0.760000,0.000000
0.730000,-0.750000,0.000000
0.730000,-0.740000,0.000000
0.730000,-0.730000,0.000000
0.730000,-0.720000,0.000000
0.730000,-0.710000,0.000000
0.730000,-0.700000,0.000000
0.730000,-0.690000,0.000000
0.730000,-0.680000,0.000000
0.730000,-0.670000,0.000000
0.730000,-0.660000,0.000000
0.730000,-0.650000,0.000000
0.730000,-0.640000,0.000000
0.730000,-0.630000,0.000000
0.730000,-0.620000,0.000000
0.730000,-0.610000,0.000000
0.730000,-0.600000,0.000000
0.730000,-0.590000,0.000000
0.730000,-0.580000,0.000000
0.730000,-0.570000,0.000000
0.730000,-0.560000,0.000000
0.730000,-0.550000,0.000000
0.730000,-0.540000,0.000000
0.730000,-0.530000,0.000000
0.730000,-0.520000,0.000000
0.730000,-0.510000,0.000000
0.730000,-0.500000,0.000000
0.730000,-0.490000,0.000000
0.730000,-0.480000,0.000000
0.730000,-0.470000,0.000000
0.730000,-0.460000,0.000000
0.730000,-0.450000,0.000000
0.730000,-0.440000,0.000000
0.730000,-0.430000,0.000000
0.730000,-0.420000,0.000000
0.730000,-0.410000,0.000000
0.730000,-0.400000,0.000000
0.730000,-0.390000,0.000000
0.730000,-0.380000,0.000000
0.730000,-0.370000,0.000000
0.730000,-0.360000,0.000000
0.730000,-0.350000,0.000000
0.730000,-0.340000,0.000000
0.730000,-0.330000,0.000000
0.730000,-0.320000,0.000000
0.730000,-0.310000,0.000000
0.730000,-0.300000,0.000000
0.730000,-0.290000,0.000000
0.730000,-0.280000,0.007159
0.730000,-0.270000,0.000000
0.730000,-0.260000,0.000000
0.730000,-0.250000,0.000000
0.730000,-0.240000,0.000000
0.730000,-0.230000,0.000000
0.730000,-0.220000,0.000000
0.730000,-0.210000,0.000000
0.730000,-0.200000,0.000000
0.730000,-0.190000,0.000000
0.730000,-0.180000,0.000000
0.730000,-0.170000,0.000000
0.730000,-0.160000,0.000000
0.730000,-0.150000,0.000000
0.730000,-0.140000,0.000000
0.730000,-0.130000,0.000000
0.730000,-0.120000,0.000000
0.730000,-0.110000,0.000000
0.730000,-0.100000,0.000000
0.730000,-0.090000,0.000000
0.730000,-0.080000,0.000000
0.730000,-0.070000,0.000000
0.730000,-0.060000,0.000000
0.730000,-0.050000,0.000000
0.730000,-0.040000,0.000000
0.730000,-0.030000,0.000000
0.730000,-0.020000,0.000000
0.730000,-0.010000,0.000000
0.730000,0.000000,0.000000
0.730000,0.010000,0.000000
0.730000,0.020000,0.000000
0.730000,0.030000,0.000000
0.730000,0.040000,0.000000
0.730000,0.050000,0.000000
0.730000,0.060000,0.000000
0.730000,0.070000,0.000000
0.730000,0.080000,0.000000
0.730000,0.090000,0.000000
0.730000,0.100000,0.000000
0.730000,0.110000,0.000000
0.730000,0.120000,0.000000
0.730000,0.130000,0.000000
0.730000,0.140000,0.000000
0.730000,0.150000,0.000000
0.730000,0.160000,0.000000
0.730000,0.170000,0.000000
0.730000,0.180000,0.000000
0.730000,0.190000,0.000000
0.730000,0.200000,0.000000
0.730000,0.210000,0.000000
0.730000,0.220000,0.000000
0.730000,0.230000,0.000000
0.730000,0.240000,0.000000
0.730000,0.250000,0.000000
0.730000,0.260000,0.000000
0.730000,0.270000,0.000000
0.730000,0.280000,0.000000
0.730000,0.290000,0.000000
0.730000,0.300000,0.000000
0.730000,0.310000,0.000000
0.730000,0.320000,0.000000
0.730000,0.330000,0.000000
0.730000,0.340000,0.000000
0.730000,0.350000,0.000000
0.730000,0.360000,0.000000
0.730000,0.370000,0.000000
0.730000,0.380000,0.000000
0.730000,0.390000,0.000000
0.730000,0.400000,0.000000
0.730000,0.410000,0.000000
0.730000,0.420000,0.000000
0.730000,0.430000,0.000000
0.730000,0.440000,0.000000
0.730000,0.450000,0.000000
0.730000,0.460000,0.000000
0.740000,-1.030000,0.000000
0.740000,-1.020000,0.000000
0.740000,-1.010000,0.000000
0.740000,-1.000000,0.000000
0.740000,-0.990000,0.000000
0.740000,-0.980000,0.000000
0.740000,-0.970000,0.000000
0.740000,-0.960000,0.000000
0.740000,-0.950000,0.000000
0.740000,-0.940000,0.000000
0.740000,-0.930000,0.000000
0.740000,-0.920000,0.000000
0.740000,-0.910000,0.000000
0.740000,-0.900000,0.000000
0.740000,-0.890000,0.000000
0.740000,-0.880000,0.000000
0.740000,-0.870000,0.000000
0.740000,-0.860000,0.000000
0.740000,-0.850000,0.000000
0.740000,-0.840000,0.000000
0.740000,-0.830000,0.000000
0.740000,-0.820000,0.000000
0.740000,-0.810000,0.000000
0.740000,-0.800000,0.000000
0.740000,-0.790000,0.000000
0.740000,-0.780000,0.000000
0.740000,-0.770000,0.000000
0.740000,-0.760000,0.000000
0.740000,-0.750000,0.000000
0.740000,-0.740000,0.000000
0.740000,-0.730000,0.000000
0.740000,-0.720000,0.000000
0.740000,-0.710000,0.000000
0.740000,-0.700000,0.000000
0.740000,-0.690000,0.000000
0.740000,-0.680000,0.000000
0.740000,-0.670000,0.000000
0.740000,-0.660000,0.000000
0.740000,-0.650000,0.000000
0.740000,-0.640000,0.000000
0.740000,-0.630000,0.000000
0.740000,-0.620000,0.000000
0.740000,-0.610000,0.000000
0.740000,-0.600000,0.000000
0.740000,-0.590000,0.000000
0.740000,-0.580000,0.000000
0.740000,-0.570000,0.000000
0.740000,-0.560000,0.000000
0.740000,-0.550000,0.000000
0.740000,-0.540000,0.000000
0.740000,-0.530000,0.000000
0.740000,-0.520000,0.000000
0.740000,-0.510000,0.000000
0.740000,-0.500000,0.000000
0.740000,-0.490000,0.000000
0.740000,-0.480000,0.000000
0.740000,-0.470000,0.000000
0.740000,-0.460000,0.000000
0.740000,-0.450000,0.000000
0.740000,-0.440000,0.000000
0.740000,-0.430000,0.000000
0.740000,-0.420000,0.000000
0.740000,-0.410000,0.000000
0.740000,-0.400000,0.000000
0.740000,-0.390000,0.000000
0.740000,-0.380000,0.000000
0.740000,-0.370000,0.000000
0.740000,-0.360000,0.000000
0.740000,-0.350000,0.000000
0.740000,-0.340000,0.000000
0.740000,-0.330000,0.000000
0.740000,-0.320000,0.000000
0.740000,-0.310000,0.000000
0.740000,-0.300000,0.000000
0.740000,-0.290000,0.000000
0.740000,-0.280000,0.000000
0.740000,-0.270000,0.000000
0.740000,-0.260000,0.000000
0.740000,-0.250000,0.000000
0.740000,-0.240000,0.000000
0.740000,-0.230000,0.000000
0.740000,-0.220000,0.000000
0.740000,-0.210000,0.000000
0.740000,-0.200000,0.000000
0.740000,-0.190000,0.000000
0.740000,-0.180000,0.000000
0.740000,-0.170000,0.000000
0.740000,-0.160000,0.000000
0.740000,-0.150000,0.000000
0.740000,-0.140000,0.000000
0.740000,-0.130000,0.000000
0.740000,-0.120000,0.000000
0.740000,-0.110000,0.000000
0.740000,-0.100000,0.000000
0.740000,-0.090000,0.000000
0.740000,-0.080000,0.000000
0.740000,-0.070000,0.000000
0.740000,-0.060000,0.000000
0.740000,-0.050000,0.000000
0.740000,-0.040000,0.000000
0.740000,-0.030000,0.000000
0.740000,-0.020000,0.000000
0.740000,-0.010000,0.000000
0.740000,0.000000,0.000000
0.740000,0.010000,0.000000
0.740000,0.020000,0.000000
0.740000,0.030000,0.000000
0.740000,0.040000,0.000000
0.740000,0.050000,0.000000
0.740000,0.060000,0.000000
0.740000,0.070000,0.000000
0.740000,0.080000,0.000000
0.740000,0.090000,0.000000
0.740000,0.100000,0.000000
0.740000,0.110000,0.000000
0.740000,0.120000,0.000000
0.740000,0.130000,0.000000
0.740000,0.140000,0.000000
0.740000,0.150000,0.000000
0.740000,0.160000,0.000000
0.740000,0.170000,0.000000
0.740000,0.180000,0.000000
0.740000,0.190000,0.000000
0.740000,0.200000,0.000000
0.740000,0.210000,0.000000
0.740000,0.220000,0.000000
0.740000,0.230000,0.000000
0.740000,0.240000,0.000000
0.740000,0.250000,0.000000
0.740000,0.260000,0.000000
0.740000,0.270000,0.000000
0.740000,0.280000,0.000000
0.740000,0.290000,0.000000
0.740000,0.300000,0.000000
0.740000,0.310000,0.000000
0.740000,0.320000,0.000000
0.740000,0.330000,0.000000
0.740000,0.340000,0.000000
0.740000,0.350000,0.000000
0.740000,0.360000,0.000000
0.740000,0.370000,0.000000
0.740000,0.380000,0.000000
0.740000,0.390000,0.000000
0.740000,0.400000,0.000000
0.740000,0.410000,0.000000
0.740000,0.420000,0.000000
0.740000,0.430000,0.000000
0.740000,0.440000,0.000000
0.740000,0.450000,0.000000
0.740000,0.460000,0.000000
0.750000,-1.030000,0.000000
0.750000,-1.020000,0.000000
0.750000,-1.010000,0.000000
0.750000,-1.000000,0.000000
0.750000,-0.990000,0.000000
0.750000,-0.980000,0.000000
0.750000,-0.970000,0.000000
0.750000,-0.960000,0.000000
0.750000,-0.950000,0.000000
0.750000,-0.940000,0.000000
0.750000,-0.930000,0.000000
0.750000,-0.920000,0.000000
0.750000,-0.910000,0.000000
0.750000,-0.900000,0.000000
0.750000,-0.890000,0.000000
0.750000,-0.880000,0.000000
0.750000,-0.870000,0.000000
0.750000,-0.860000,0.000000
0.750000,-0.850000,0.000000
0.750000,-0.840000,0.000000
0.750000,-0.830000,0.000000
0.750000,-0.820000,0.000000
0.750000,-0.810000,0.000000
0.750000,-0.800000,0.000000
0.750000,-0.790000,0.000000
0.750000,-0.780000,0.000000
0.750000,-0.770000,0.000000
0.750000,-0.760000,0.000000
0.750000,-0.750000,0.000000
0.750000,-0.740000,0.000000
0.750000,-0.730000,0.000000
0.750000,-0.720000,0.000000
0.750000,-0.710000,0.000000
0.750000,-0.700000,0.000000
0.750000,-0.690000,0.000000
0.750000,-0.680000,0.000000
0.750000,-0.670000,0.000000
0.750000,-0.660000,0.000000
0.750000,-0.650000,0.000000
0.750000,-0.640000,0.000000
0.750000,-0.630000,0.000000
0.750000,-0.620000,0.000000
0.750000,-0.610000,0.000000
0.750000,-0.600000,0.000000
0.750000,-0.590000,0.000000
0.750000,-0.580000,0.000000
0.750000,-0.570000,0.000000
0.750000,-0.560000,0.000000
0.750000,-0.550000,0.000000
0.750000,-0.540000,0.000000
0.750000,-0.530000,0.000000
0.750000,-0.520000,0.000000
0.750000,-0.510000,0.000000
0.750000,-0.500000,0.000000
0.750000,-0.490000,0.000000
0.750000,-0.480000,0.000000
0.750000,-0.470000,0.000000
0.750000,-0.460000,0.000000
0.750000,-0.450000,0.000000
0.750000,-0.440000,0.000000
0.750000,-0.430000,0.000000
0.750000,-0.420000,0.000000
0.750000,-0.410000,0.000000
0.750000,-0.400000,0.000000
0.750000,-0.390000,0.000000
0.750000,-0.380000,0.000000
0.750000,-0.370000,0.000000
0.750000,-0.360000,0.000000
0.750000,-0.350000,0.000000
0.750000,-0.340000,0.000000
0.750000,-0.330000,0.000000
0.750000,-0.320000,0.000000
0.750000,-0.310000,0.000000
0.750000,-0.300000,0.000000
0.750000,-0.290000,0.000000
0.750000,-0.280000,0.000000
0.750000,-0.270000,0.000000
0.750000,-0.260000,0.000000
0.750000,-0.250000,0.000000
0.750000,-0.240000,0.000000
0.750000,-0.230000,0.000000
0.750000,-0.220000,0.000000
0.750000,-0.210000,0.000000
0.750000,-0.200000,0.000000
0.750000,-0.190000,0.000000
0.750000,-0.180000,0.000000
0.750000,-0.170000,0.000000
0.750000,-0.160000,0.000000
0.750000,-0.150000,0.000000
0.750000,-0.140000,0.000000
0.750000,-0.130000,0.000000
0.750000,-0.120000,0.000000
0.750000,-0.110000,0.000000
0.750000,-0.100000,0.000000
0.750000,-0.090000,0.000000
0.750000,-0.080000,0.000000
0.750000,-0.070000,0.000000
0.750000,-0.060000,0.000000
0.750000,-0.050000,0.000000
0.750000,-0.040000,0.000000
0.750000,-0.030000,0.000000
0.750000,-0.020000,0.000000
0.750000,-0.010000,0.000000
0.750000,0.000000,0.000000
0.750000,0.010000,0.000000
0.750000,0.020000,0.000000
0.750000,0.030000,0.000000
0.750000,0.040000,0.000000
0.750000,0.050000,0.000000
0.750000,0.060000,0.000000
0.750000,0.070000,0.000000
0.750000,0.080000,0.000000
0.750000,0.090000,0.000000
0.750000,0.100000,0.000000
0.750000,0.110000,0.000000
0.750000,0.120000,0.000000
0.750000,0.130000,0.000000
0.750000,0.140000,0.000000
0.750000,0.150000,0.000000
0.750000,0.160000,0.000000
0.750000,0.170000,0.000000
0.750000,0.180000,0.000000
0.750000,0.190000,0.000000
0.750000,0.200000,0.000000
0.750000,0.210000,0.000000
0.750000,0.220000,0.000000
0.750000,0.230000,0.000000
0.750000,0.240000,0.000000
0.750000,0.250000,0.000000
0.750000,0.260000,0.000000
0.750000,0.270000,0.000000
0.750000,0.280000,0.000000
0.750000,0.290000,0.000000
0.750000,0.300000,0.000000
0.750000,0.310000,0.000000
0.750000,0.320000,0.000000
0.750000,0.330000,0.000000
0.750000,0.340000,0.000000
0.750000,0.350000,0.000000
0.750000,0.360000,0.000000
0.750000,0.370000,0.000000
0.750000,0.380000,0.000000
0.750000,0.390000,0.000000
0.750000,0.400000,0.000000
0.750000,0.410000,0.000000
0.750000,0.420000,0.000000
0.750000,0.430000,0.000000
0.750000,0.440000,0.000000
0.750000,0.450000,0.000000
0.750000,0.460000,0.000000
0.760000,-1.030000,0.000000
0.760000,-1.020000,0.000000
0.760000,-1.010000,0.000000
0.760000,-1.000000,0.000000
0.760000,-0.990000,0.000000
0.760000,-0.980000,0.000000
0.760000,-0.970000,0.000000
0.760000,-0.960000,0.000000
0.760000,-0.950000,0.000000
0.760000,-0.940000,0.000000
0.760000,-0.930000,0.000000
0.760000,-0.920000,0.000000
0.760000,-0.910000,0.000000
0.760000,-0.900000,0.000000
0.760000,-0.890000,0.000000
0.760000,-0.880000,0.000000
0.760000,-0.870000,0.000000
0.760000,-0.860000,0.000000
0.760000,-0.850000,0.000000
0.760000,-0.840000,0.000000
0.760000,-0.830000,0.000000
0.760000,-0.820000,0.000000
0.760000,-0.810000,0.000000
0.760000,-0.800000,0.000000
0.760000,-0.790000,0.000000
0.760000,-0.780000,0.000000
0.760000,-0.770000,0.000000
0.760000,-0.760000,0.000000
0.760000,-0.750000,0.000000
0.760000,-0.740000,0.000000
0.760000,-0.730000,0.000000
0.760000,-0.720000,0.000000
0.760000,-0.710000,0.000000
0.760000,-0.700000,0.000000
0.760000,-0.690000,0.000000
0.760000,-0.680000,0.000000
0.760000,-0.670000,0.000000
0.760000,-0.660000,0.000000
0.760000,-0.650000,0.000000
0.760000,-0.640000,0.000000
0.760000,-0.630000,0.000000
0.760000,-0.620000,0.000000
0.760000,-0.610000,0.000000
0.760000,-0.600000,0.000000
0.760000,-0.590000,0.000000
0.760000,-0.580000,0.000000
0.760000,-0.570000,0.000000
0.760000,-0.560000,0.000000
0.760000,-0.550000,0.000000
0.760000,-0.540000,0.000000
0.760000,-0.530000,0.000000
0.760000,-0.520000,0.000000
0.760000,-0.510000,0.000000
0.760000,-0.500000,0.000000
0.760000,-0.490000,0.000000
0.760000,-0.480000,0.000000
0.760000,-0.470000,0.000000
0.760000,-0.460000,0.000000
0.760000,-0.450000,0.000000
0.760000,-0.440000,0.000000
0.760000,-0.430000,0.000000
0.760000,-0.420000,0.000000
0.760000,-0.410000,0.000000
0.760000,-0.400000,0.000000
0.760000,-0.390000,0.000000
0.760000,-0.380000,0.000000
0.760000,-0.370000,0.000000
0.760000,-0.360000,0.000000
0.760000,-0.350000,0.000000
0.760000,-0.340000,0.000000
0.760000,-0.330000,0.000000
0.760000,-0.320000,0.000000
0.760000,-0.310000,0.000000
0.760000,-0.300000,0.000000
0.760000,-0.290000,0.000000
0.760000,-0.280000,0.000000
0.760000,-0.270000,0.000000
0.760000,-0.260000,0.000000
0.760000,-0.250000,0.000000
0.760000,-0.240000,0.000000
0.760000,-0.230000,0.000000
0.760000,-0.220000,0.000000
0.760000,-0.210000,0.000000
0.760000,-0.200000,0.000000
0.760000,-0.190000,0.000000
0.760000,-0.180000,0.000000
0.760000,-0.170000,0.000000
0.760000,-0.160000,0.000000
0.760000,-0.150000,0.000000
0.760000,-0.140000,0.000000
0.760000,-0.130000,0.000000
0.760000,-0.120000,0.000000
0.760000,-0.110000,0.000000
0.760000,-0.100000,0.000000
0.760000,-0.090000,0.000000
0.760000,-0.080000,0.000000
0.760000,-0.070000,0.000000
0.760000,-0.060000,0.000000
0.760000,-0.050000,0.000000
0.760000,-0.040000,0.000000
0.760000,-0.030000,0.000000
0.760000,-0.020000,0.000000
0.760000,-0.010000,0.000000
0.760000,0.000000,0.000000
0.760000,0.010000,0.000000
0.760000,0.020000,0.000000
0.760000,0.030000,0.000000
0.760000,0.040000,0.000000
0.760000,0.050000,0.000000
0.760000,0.060000,0.000000
0.760000,0.070000,0.000000
0.760000,0.080000,0.000000
0.760000,0.090000,0.000000
0.760000,0.100000,0.000000
0.760000,0.110000,0.000000
0.760000,0.120000,0.000000
0.760000,0.130000,0.000000
0.760000,0.140000,0.000000
0.760000,0.150000,0.000000
0.760000,0.160000,0.000000
0.760000,0.170000,0.000000
0.760000,0.180000,0.000000
0.760000,0.190000,0.000000
0.760000,0.200000,0.000000
0.760000,0.210000,0.000000
0.760000,0.220000,0.000000
0.760000,0.230000,0.000000
0.760000,0.240000,0.000000
0.760000,0.250000,0.000000
0.760000,0.260000,0.000000
0.760000,0.270000,0.000000
0.760000,0.280000,0.000000
0.760000,0.290000,0.000000
0.760000,0.300000,0.000000
0.760000,0.310000,0.000000
0.760000,0.320000,0.000000
0.760000,0.330000,0.000000
0.760000,0.340000,0.000000
0.760000,0.350000,0.000000
0.760000,0.360000,0.000000
0.760000,0.370000,0.000000
0.760000,0.380000,0.000000
0.760000,0.390000,0.000000
0.760000,0.400000,0.000000
0.760000,0.410000,0.000000
0.760000,0.420000,0.000000
0.760000,0.430000,0.000000
0.760000,0.440000,0.000000
0.760000,0.450000,0.000000
0.760000,0.460000,0.000000
0.770000,-1.030000,0.000000
0.770000,-1.020000,0.000000
0.770000,-1.010000,0.000000
0.770000,-1.000000,0.000000
0.770000,-0.990000,0.000000
0.770000,-0.980000,0.000000
0.770000,-0.970000,0.000000
0.770000,-0.960000,0.000000
0.770000,-0.950000,0.000000
0.770000,-0.940000,0.000000
0.770000,-0.930000,0.000000
0.770000,-0.920000,0.000000
0.770000,-0.910000,0.000000
0.770000,-0.900000,0.000000
0.770000,-0.890000,0.000000
0.770000,-0.880000,0.000000
0.770000,-0.870000,0.000000
0.770000,-0.860000,0.000000
0.770000,-0.850000,0.000000
0.770000,-0.840000,0.000000
0.770000,-0.830000,0.000000
0.770000,-0.820000,0.000000
0.770000,-0.810000,0.000000
0.770000,-0.800000,0.000000
0.770000,-0.790000,0.000000
0.770000,-0.780000,0.000000
0.770000,-0.770000,0.000000
0.770000,-0.760000,0.000000
0.770000,-0.750000,0.000000
0.770000,-0.740000,0.000000
0.770000,-0.730000,0.000000
0.770000,-0.720000,0.000000
0.770000,-0.710000,0.000000
0.770000,-0.700000,0.000000
0.770000,-0.690000,0.000000
0.770000,-0.680000,0.000000
0.770000,-0.670000,0.000000
0.770000,-0.660000,0.000000
0.770000,-0.650000,0.000000
0.770000,-0.640000,0.000000
0.770000,-0.630000,0.000000
0.770000,-0.620000,0.000000
0.770000,-0.610000,0.000000
0.770000,-0.600000,0.000000
0.770000,-0.590000,0.000000
0.770000,-0.580000,0.000000
0.770000,-0.570000,0.000000
0.770000,-0.560000,0.000000
0.770000,-0.550000,0.000000
0.770000,-0.540000,0.000000
0.770000,-0.530000,0.000000
0.770000,-0.520000,0.000000
0.770000,-0.510000,0.000000
0.770000,-0.500000,0.000000
0.770000,-0.490000,0.000000
0.770000,-0.480000,0.000000
0.770000,-0.470000,0.000000
0.770000,-0.460000,0.000000
0.770000,-0.450000,0.000000
0.770000,-0.440000,0.000000
0.770000,-0.430000,0.000000
0.770000,-0.420000,0.000000
0.770000,-0.410000,0.000000
0.770000,-0.400000,0.000000
0.770000,-0.390000,0.000000
0.770000,-0.380000,0.000000
0.770000,-0.370000,0.000000
0.770000,-0.360000,0.000000
0.770000,-0.350000,0.000000
0.770000,-0.340000,0.000000
0.770000,-0.330000,0.000000
0.770000,-0.320000,0.000000
0.770000,-0.310000,0.000000
0.770000,-0.300000,0.000000
0.770000,-0.290000,0.000000
0.770000,-0.280000,0.000000
0.770000,-0.270000,0.000000
0.770000,-0.260000,0.000000
0.770000,-0.250000,0.000000
0.770000,-0.240000,0.000000
0.770000,-0.230000,0.000000
0.770000,-0.220000,0.000000
0.770000,-0.210000,0.000000
0.770000,-0.200000,0.000000
0.770000,-0.190000,0.000000
0.770000,-0.180000,0.000000
0.770000,-0.170000,0.000000
0.770000,-0.160000,0.000000
0.770000,-0.150000,0.000000
0.770000,-0.140000,0.000000
0.770000,-0.130000,0.000000
0.770000,-0.120000,0.000000
0.770000,-0.110000,0.000000
0.770000,-0.100000,0.000000
0.770000,-0.090000,0.000000
0.770000,-0.080000,0.000000
0.770000,-0.070000,0.000000
0.770000,-0.060000,0.000000
0.770000,-0.050000,0.000000
0.770000,-0.040000,0.000000
0.770000,-0.030000,0.000000
0.770000,-0.020000,0.000000
0.770000,-0.010000,0.000000
0.770000,0.000000,0.000000
0.770000,0.010000,0.000000
0.770000,0.020000,0.000000
0.770000,0.030000,0.000000
0.770000,0.040000,0.000000
0.770000,0.050000,0.000000
0.770000,0.060000,0.000000
0.770000,0.070000,0.000000
0.770000,0.080000,0.000000
0.770000,0.090000,0.000000
0.770000,0.100000,0.000000
0.770000,0.110000,0.000000
0.770000,0.120000,0.000000
0.770000,0.130000,0.000000
0.770000,0.140000,0.000000
0.770000,0.150000,0.000000
0.770000,0.160000,0.000000
0.770000,0.170000,0.000000
0.770000,0.180000,0.000000
0.770000,0.190000,0.000000
0.770000,0.200000,0.000000
0.770000,0.210000,0.000000
0.770000,0.220000,0.000000
0.770000,0.230000,0.000000
0.770000,0.240000,0.000000
0.770000,0.250000,0.000000
0.770000,0.260000,0.000000
0.770000,0.270000,0.000000
0.770000,0.280000,0.000000
0.770000,0.290000,0.000000
0.770000,0.300000,0.000000
0.770000,0.310000,0.000000
0.770000,0.320000,0.000000
0.770000,0.330000,0.000000
0.770000,0.340000,0.000000
0.770000,0.350000,0.000000
0.770000,0.360000,0.000000
0.770000,0.370000,0.000000
0.770000,0.380000,0.000000
0.770000,0.390000,0.000000
0.770000,0.400000,0.000000
0.770000,0.410000,0.000000
0.770000,0.420000,0.000000
0.770000,0.430000,0.000000
0.770000,0.440000,0.000000
0.770000,0.450000,0.000000
0.770000,0.460000,0.000000
0.780000,-1.030000,0.000000
0.780000,-1.020000,0.000000
0.780000,-1.010000,0.000000
0.780000,-1.000000,0.000000
0.780000,-0.990000,0.000000
0.780000,-0.980000,0.000000
0.780000,-0.970000,0.000000
0.780000,-0.960000,0.000000
0.780000,-0.950000,0.000000
0.780000,-0.940000,0.000000
0.780000,-0.930000,0.000000
0.780000,-0.920000,0.000000
0.780000,-0.910000,0.000000
0.780000,-0.900000,0.000000
0.780000,-0.890000,0.000000
0.780000,-0.880000,0.000000
0.780000,-0.870000,0.000000
0.780000,-0.860000,0.000000
0.780000,-0.850000,0.000000
0.780000,-0.840000,0.000000
0.780000,-0.830000,0.000000
0.780000,-0.820000,0.000000
0.780000,-0.810000,0.000000
0.780000,-0.800000,0.000000
0.780000,-0.790000,0.000000
0.780000,-0.780000,0.000000
0.780000,-0.770000,0.000000
0.780000,-0.760000,0.000000
0.780000,-0.750000,0.000000
0.780000,-0.740000,0.000000
0.780000,-0.730000,0.000000
0.780000,-0.720000,0.000000
0.780000,-0.710000,0.000000
0.780000,-0.700000,0.000000
0.780000,-0.690000,0.000000
0.780000,-0.680000,0.000000
0.780000,-0.670000,0.000000
0.780000,-0.660000,0.000000
0.780000,-0.650000,0.000000
0.780000,-0.640000,0.000000
0.780000,-0.630000,0.000000
0.780000,-0.620000,0.000000
0.780000,-0.610000,0.000000
0.780000,-0.600000,0.000000
0.780000,-0.590000,0.000000
0.780000,-0.580000,0.000000
0.780000,-0.570000,0.000000
0.780000,-0.560000,0.000000
0.780000,-0.550000,0.000000
0.780000,-0.540000,0.000000
0.780000,-0.530000,0.000000
0.780000,-0.520000,0.000000
0.780000,-0.510000,0.000000
0.780000,-0.500000,0.000000
0.780000,-0.490000,0.000000
0.780000,-0.480000,0.000000
0.780000,-0.470000,0.000000
0.780000,-0.460000,0.000000
0.780000,-0.450000,0.000000
0.780000,-0.440000,0.000000
0.780000,-0.430000,0.000000
0.780000,-0.420000,0.000000
0.780000,-0.410000,0.000000
0.780000,-0.400000,0.000000
0.780000,-0.390000,0.000000
0.780000,-0.380000,0.000000
0.780000,-0.370000,0.000000
0.780000,-0.360000,0.000000
0.780000,-0.350000,0.000000
0.780000,-0.340000,0.000000
0.780000,-0.330000,0.000000
0.780000,-0.320000,0.000000
0.780000,-0.310000,0.000000
0.780000,-0.300000,0.000000
0.780000,-0.290000,0.000000
0.780000,-0.280000,0.000000
0.780000,-0.270000,0.000000
0.780000,-0.260000,0.000000
0.780000,-0.250000,0.000000
0.780000,-0.240000,0.000000
0.780000,-0.230000,0.000000
0.780000,-0.220000,0.000000
0.780000,-0.210000,0.000000
0.780000,-0.200000,0.000000
0.780000,-0.190000,0.000000
0.780000,-0.180000,0.000000
0.780000,-0.170000,0.000000
0.780000,-0.160000,0.000000
0.780000,-0.150000,0.000000
0.780000,-0.140000,0.000000
0.780000,-0.130000,0.000000
0.780000,-0.120000,0.000000
0.780000,-0.110000,0.000000
0.780000,-0.100000,0.000000
0.780000,-0.090000,0.000000
0.780000,-0.080000,0.000000
0.780000,-0.070000,0.000000
0.780000,-0.060000,0.000000
0.780000,-0.050000,0.000000
0.780000,-0.040000,0.000000
0.780000,-0.030000,0.000000
0.780000,-0.020000,0.000000
0.780000,-0.010000,0.000000
0.780000,0.000000,0.000000
0.780000,0.010000,0.000000
0.780000,0.020000,0.000000
0.780000,0.030000,0.000000
0.780000,0.040000,0.000000
0.780000,0.050000,0.000000
0.780000,0.060000,0.000000
0.780000,0.070000,0.000000
0.780000,0.080000,0.000000
0.780000,0.090000,0.000000
0.780000,0.100000,0.000000
0.780000,0.110000,0.000000
0.780000,0.120000,0.000000
0.780000,0.130000,0.000000
0.780000,0.140000,0.000000
0.780000,0.150000,0.000000
0.780000,0.160000,0.000000
0.780000,0.170000,0.000000
0.780000,0.180000,0.000000
0.780000,0.190000,0.000000
0.780000,0.200000,0.000000
0.780000,0.210000,0.000000
0.780000,0.220000,0.000000
0.780000,0.230000,0.000000
0.780000,0.240000,0.000000
0.780000,0.250000,0.000000
0.780000,0.260000,0.000000
0.780000,0.270000,0.000000
0.780000,0.280000,0.000000
0.780000,0.290000,0.000000
0.780000,0.300000,0.000000
0.780000,0.310000,0.000000
0.780000,0.320000,0.000000
0.780000,0.330000,0.000000
0.780000,0.340000,0.000000
0.780000,0.350000,0.000000
0.780000,0.360000,0.000000
0.780000,0.370000,0.000000
0.780000,0.380000,0.000000
0.780000,0.390000,0.000000
0.780000,0.400000,0.000000
0.780000,0.410000,0.000000
0.780000,0.420000,0.000000
0.780000,0.430000,0.000000
0.780000,0.440000,0.000000
0.780000,0.450000,0.000000
0.780000,0.460000,0.000000
0.790000,-1.030000,0.000000
0.790000,-1.020000,0.000000
0.790000,-1.010000,0.000000
0.790000,-1.000000,0.000000
0.790000,-0.990000,0.000000
0.790000,-0.980000,0.000000
0.790000,-0.970000,0.000000
0.790000,-0.960000,0.000000
0.790000,-0.950000,0.000000
0.790000,-0.940000,0.000000
0.790000,-0.930000,0.000000
0.790000,-0.920000,0.000000
0.790000,-0.910000,0.000000
0.790000,-0.900000,0.000000
0.790000,-0.890000,0.000000
0.790000,-0.880000,0.000000
0.790000,-0.870000,0.000000
0.790000,-0.860000,0.000000
0.790000,-0.850000,0.000000
0.790000,-0.840000,0.000000
0.790000,-0.830000,0.000000
0.790000,-0.820000,0.000000
0.790000,-0.810000,0.000000
0.790000,-0.800000,0.000000
0.790000,-0.790000,0.000000
0.790000,-0.780000,0.000000
0.790000,-0.770000,0.000000
0.790000,-0.760000,0.000000
0.790000,-0.750000,0.000000
0.790000,-0.740000,0.000000
0.790000,-0.730000,0.000000
0.790000,-0.720000,0.000000
0.790000,-0.710000,0.000000
0.790000,-0.700000,0.000000
0.790000,-0.690000,0.000000
0.790000,-0.680000,0.000000
0.790000,-0.670000,0.000000
0.790000,-0.660000,0.000000
0.790000,-0.650000,0.000000
0.790000,-0.640000,0.000000
0.790000,-0.630000,0.000000
0.790000,-0.620000,0.000000
0.790000,-0.610000,0.000000
0.790000,-0.600000,0.000000
0.790000,-0.590000,0.000000
0.790000,-0.580000,0.000000
0.790000,-0.570000,0.000000
0.790000,-0.560000,0.000000
0.790000,-0.550000,0.000000
0.790000,-0.540000,0.000000
0.790000,-0.530000,0.000000
0.790000,-0.520000,0.000000
0.790000,-0.510000,0.000000
0.790000,-0.500000,0.000000
0.790000,-0.490000,0.000000
0.790000,-0.480000,0.000000
0.790000,-0.470000,0.000000
0.790000,-0.460000,0.000000
0.790000,-0.450000,0.000000
0.790000,-0.440000,0.000000
0.790000,-0.430000,0.000000
0.790000,-0.420000,0.000000
0.790000,-0.410000,0.000000
0.790000,-0.400000,0.000000
0.790000,-0.390000,0.000000
0.790000,-0.380000,0.000000
0.790000,-0.370000,0.000000
0.790000,-0.360000,0.000000
0.790000,-0.350000,0.000000
0.790000,-0.340000,0.000000
0.790000,-0.330000,0.000000
0.790000,-0.320000,0.000000
0.790000,-0.310000,0.000000
0.790000,-0.300000,0.000000
0.790000,-0.290000,0.000000
0.790000,-0.280000,0.000000
0.790000,-0.270000,0.000000
0.790000,-0.260000,0.000000
0.790000,-0.250000,0.000000
0.790000,-0.240000,0.000000
0.790000,-0.230000,0.000000
0.790000,-0.220000,0.000000
0.790000,-0.210000,0.000000
0.790000,-0.200000,0.000000
0.790000,-0.190000,0.000000
0.790000,-0.180000,0.000000
0.790000,-0.170000,0.000000
0.790000,-0.160000,0.000000
0.790000,-0.150000,0.000000
0.790000,-0.140000,0.000000
0.790000,-0.130000,0.000000
0.790000,-0.120000,0.000000
0.790000,-0.110000,0.000000
0.790000,-0.100000,0.000000
0.790000,-0.090000,0.000000
0.790000,-0.080000,0.000000
0.790000,-0.070000,0.000000
0.790000,-0.060000,0.000000
0.790000,-0.050000,0.000000
0.790000,-0.040000,0.000000
0.790000,-0.030000,0.000000
0.790000,-0.020000,0.000000
0.790000,-0.010000,0.000000
0.790000,0.000000,0.000000
0.790000,0.010000,0.000000
0.790000,0.020000,0.000000
0.790000,0.030000,0.000000
0.790000,0.040000,0.000000
0.790000,0.050000,0.000000
0.790000,0.060000,0.000000
0.790000,0.070000,0.000000
0.790000,0.080000,0.000000
0.790000,0.090000,0.000000
0.790000,0.100000,0.000000
0.790000,0.110000,0.000000
0.790000,0.120000,0.000000
0.790000,0.130000,0.000000
0.790000,0.140000,0.000000
0.790000,0.150000,0.000000
0.790000,0.160000,0.000000
0.790000,0.170000,0.000000
0.790000,0.180000,0.000000
0.790000,0.190000,0.000000
0.790000,0.200000,0.000000
0.790000,0.210000,0.000000
0.790000,0.220000,0.000000
0.790000,0.230000,0.000000
0.790000,0.240000,0.000000
0.790000,0.250000,0.000000
0.790000,0.260000,0.000000
0.790000,0.270000,0.000000
0.790000,0.280000,0.000000
0.790000,0.290000,0.000000
0.790000,0.300000,0.000000
0.790000,0.310000,0.000000
0.790000,0.320000,0.000000
0.790000,0.330000,0.000000
0.790000,0.340000,0.000000
0.790000,0.350000,0.000000
0.790000,0.360000,0.000000
0.790000,0.370000,0.000000
0.790000,0.380000,0.000000
0.790000,0.390000,0.000000
0.790000,0.400000,0.000000
0.790000,0.410000,0.000000
0.790000,0.420000,0.000000
0.790000,0.430000,0.000000
0.790000,0.440000,0.000000
0.790000,0.450000,0.000000
0.790000,0.460000,0.000000
0.800000,-1.030000,0.000000
0.800000,-1.020000,0.000000
0.800000,-1.010000,0.000000
0.800000,-1.000000,0.000000
0.800000,-0.990000,0.000000
0.800000,-0.980000,0.000000
0.800000,-0.970000,0.000000
0.800000,-0.960000,0.000000
0.800000,-0.950000,0.000000
0.800000,-0.940000,0.000000
0.800000,-0.930000,0.000000
0.800000,-0.920000,0.000000
0.800000,-0.910000,0.000000
0.800000,-0.900000,0.000000
0.800000,-0.890000,0.000000
0.800000,-0.880000,0.000000
0.800000,-0.870000,0.000000
0.800000,-0.860000,0.000000
0.800000,-0.850000,0.000000
0.800000,-0.840000,0.000000
0.800000,-0.830000,0.000000
0.800000,-0.820000,0.000000
0.800000,-0.810000,0.000000
0.800000,-0.800000,0.000000
0.800000,-0.790000,0.000000
0.800000,-0.780000,0.000000
0.800000,-0.770000,0.000000
0.800000,-0.760000,0.000000
0.800000,-0.750000,0.000000
0.800000,-0.740000,0.000000
0.800000,-0.730000,0.000000
0.800000,-0.720000,0.000000
0.800000,-0.710000,0.000000
0.800000,-0.700000,0.000000
0.800000,-0.690000,0.000000
0.800000,-0.680000,0.000000
0.800000,-0.670000,0.000000
0.800000,-0.660000,0.000000
0.800000,-0.650000,0.000000
0.800000,-0.640000,0.000000
0.800000,-0.630000,0.000000
0.800000,-0.620000,0.000000
0.800000,-0.610000,0.000000
0.800000,-0.600000,0.000000
0.800000,-0.590000,0.000000
0.800000,-0.580000,0.000000
0.800000,-0.570000,0.000000
0.800000,-0.560000,0.000000
0.800000,-0.550000,0.000000
0.800000,-0.540000,0.000000
0.800000,-0.530000,0.000000
0.800000,-0.520000,0.000000
0.800000,-0.510000,0.000000
0.800000,-0.500000,0.000000
0.800000,-0.490000,0.000000
0.800000,-0.480000,0.000000
0.800000,-0.470000,0.000000
0.800000,-0.460000,0.000000
0.800000,-0.450000,0.000000
0.800000,-0.440000,0.000000
0.800000,-0.430000,0.000000
0.800000,-0.420000,0.000000
0.800000,-0.410000,0.000000
0.800000,-0.400000,0.000000
0.800000,-0.390000,0.000000
0.800000,-0.380000,0.000000
0.800000,-0.370000,0.000000
0.800000,-0.360000,0.000000
0.800000,-0.350000,0.000000
0.800000,-0.340000,0.000000
0.800000,-0.330000,0.000000
0.800000,-0.320000,0.000000
0.800000,-0.310000,0.000000
0.800000,-0.300000,0.000000
0.800000,-0.290000,0.000000
0.800000,-0.280000,0.000000
0.800000,-0.270000,0.000000
0.800000,-0.260000,0.000000
0.800000,-0.250000,0.000000
0.800000,-0.240000,0.000000
0.800000,-0.230000,0.000000
0.800000,-0.220000,0.000000
0.800000,-0.210000,0.000000
0.800000,-0.200000,0.000000
0.800000,-0.190000,0.000000
0.800000,-0.180000,0.000000
0.800000,-0.170000,0.000000
0.800000,-0.160000,0.000000
0.800000,-0.150000,0.000000
0.800000,-0.140000,0.000000
0.800000,-0.130000,0.000000
0.800000,-0.120000,0.000000
0.800000,-0.110000,0.000000
0.800000,-0.100000,0.000000
0.800000,-0.090000,0.000000
0.800000,-0.080000,0.000000
0.800000,-0.070000,0.000000
0.800000,-0.060000,0.000000
0.800000,-0.050000,0.000000
0.800000,-0.040000,0.000000
0.800000,-0.030000,0.000000
0.800000,-0.020000,0.000000
0.800000,-0.010000,0.000000
0.800000,0.000000,0.000000
0.800000,0.010000,0.000000
0.800000,0.020000,0.000000
0.800000,0.030000,0.000000
0.800000,0.040000,0.000000
0.800000,0.050000,0.000000
0.800000,0.060000,0.000000
0.800000,0.070000,0.000000
0.800000,0.080000,0.000000
0.800000,0.090000,0.000000
0.800000,0.100000,0.000000
0.800000,0.110000,0.000000
0.800000,0.120000,0.000000
0.800000,0.130000,0.000000
0.800000,0.140000,0.000000
0.800000,0.150000,0.000000
0.800000,0.160000,0.000000
0.800000,0.170000,0.000000
0.800000,0.180000,0.000000
0.800000,0.190000,0.000000
0.800000,0.200000,0.000000
0.800000,0.210000,0.000000
0.800000,0.220000,0.000000
0.800000,0.230000,0.000000
0.800000,0.240000,0.000000
0.800000,0.250000,0.000000
0.800000,0.260000,0.000000
0.800000,0.270000,0.000000
0.800000,0.280000,0.000000
0.800000,0.290000,0.000000
0.800000,0.300000,0.000000
0.800000,0.310000,0.000000
0.800000,0.320000,0.000000
0.800000,0.330000,0.000000
0.800000,0.340000,0.000000
0.800000,0.350000,0.000000
0.800000,0.360000,0.000000
0.800000,0.370000,0.000000
0.800000,0.380000,0.000000
0.800000,0.390000,0.000000
0.800000,0.400000,0.000000
0.800000,0.410000,0.000000
0.800000,0.420000,0.000000
0.800000,0.430000,0.000000
0.800000,0.440000,0.000000
0.800000,0.450000,0.000000
0.800000,0.460000,0.000000
0.810000,-1.030000,0.000000
0.810000,-1.020000,0.000000
0.810000,-1.010000,0.000000
0.810000,-1.000000,0.000000
0.810000,-0.990000,0.000000
0.810000,-0.980000,0.000000
0.810000,-0.970000,0.000000
0.810000,-0.960000,0.000000
0.810000,-0.950000,0.000000
0.810000,-0.940000,0.000000
0.810000,-0.930000,0.000000
0.810000,-0.920000,0.000000
0.810000,-0.910000,0.000000
0.810000,-0.900000,0.000000
0.810000,-0.890000,0.000000
0.810000,-0.880000,0.000000
0.810000,-0.870000,0.000000
0.810000,-0.860000,0.000000
0.810000,-0.850000,0.000000
0.810000,-0.840000,0.000000
0.810000,-0.830000,0.000000
0.810000,-0.820000,0.000000
0.810000,-0.810000,0.000000
0.810000,-0.800000,0.000000
0.810000,-0.790000,0.000000
0.810000,-0.780000,0.000000
0.810000,-0.770000,0.000000
0.810000,-0.760000,0.000000
0.810000,-0.750000,0.000000
0.810000,-0.740000,0.000000
0.810000,-0.730000,0.000000
0.810000,-0.720000,0.000000
0.810000,-0.710000,0.000000
0.810000,-0.700000,0.000000
0.810000,-0.690000,0.000000
0.810000,-0.680000,0.000000
0.810000,-0.670000,0.000000
0.810000,-0.660000,0.000000
0.810000,-0.650000,0.000000
0.810000,-0.640000,0.000000
0.810000,-0.630000,0.000000
0.810000,-0.620000,0.000000
0.810000,-0.610000,0.000000
0.810000,-0.600000,0.000000
0.810000,-0.590000,0.000000
0.810000,-0.580000,0.000000
0.810000,-0.570000,0.000000
0.810000,-0.560000,0.000000
0.810000,-0.550000,0.000000
0.810000,-0.540000,0.000000
0.810000,-0.530000,0.000000
0.810000,-0.520000,0.000000
0.810000,-0.510000,0.000000
0.810000,-0.500000,0.000000
0.810000,-0.490000,0.000000
0.810000,-0.480000,0.000000
0.810000,-0.470000,0.000000
0.810000,-0.460000,0.000000
0.810000,-0.450000,0.000000
0.810000,-0.440000,0.000000
0.810000,-0.430000,0.000000
0.810000,-0.420000,0.000000
0.810000,-0.410000,0.000000
0.810000,-0.400000,0.000000
0.810000,-0.390000,0.000000
0.810000,-0.380000,0.000000
0.810000,-0.370000,0.000000
0.810000,-0.360000,0.000000
0.810000,-0.350000,0.000000
0.810000,-0.340000,0.000000
0.810000,-0.330000,0.000000
0.810000,-0.320000,0.000000
0.810000,-0.310000,0.000000
0.810000,-0.300000,0.000000
0.810000,-0.290000,0.000000
0.810000,-0.280000,0.000000
0.810000,-0.270000,0.000000
0.810000,-0.260000,0.000000
0.810000,-0.250000,0.000000
0.810000,-0.240000,0.000000
0.810000,-0.230000,0.000000
0.810000,-0.220000,0.000000
0.810000,-0.210000,0.000000
0.810000,-0.200000,0.000000
0.810000,-0.190000,0.000000
0.810000,-0.180000,0.000000
0.810000,-0.170000,0.000000
0.810000,-0.160000,0.000000
0.810000,-0.150000,0.000000
0.810000,-0.140000,0.000000
0.810000,-0.130000,0.000000
0.810000,-0.120000,0.000000
0.810000,-0.110000,0.000000
0.810000,-0.100000,0.000000
0.810000,-0.090000,0.000000
0.810000,-0.080000,0.000000
0.810000,-0.070000,0.000000
0.810000,-0.060000,0.000000
0.810000,-0.050000,0.000000
0.810000,-0.040000,0.000000
0.810000,-0.030000,0.000000
0.810000,-0.020000,0.000000
0.810000,-0.010000,0.000000
0.810000,0.000000,0.000000
0.810000,0.010000,0.000000
0.810000,0.020000,0.000000
0.810000,0.030000,0.000000
0.810000,0.040000,0.000000
0.810000,0.050000,0.000000
0.810000,0.060000,0.000000
0.810000,0.070000,0.000000
0.810000,0.080000,0.000000
0.810000,0.090000,0.000000
0.810000,0.100000,0.000000
0.810000,0.110000,0.000000
0.810000,0.120000,0.000000
0.810000,0.130000,0.000000
0.810000,0.140000,0.000000
0.810000,0.150000,0.000000
0.810000,0.160000,0.000000
0.810000,0.170000,0.000000
0.810000,0.180000,0.000000
0.810000,0.190000,0.000000
0.810000,0.200000,0.000000
0.810000,0.210000,0.000000
0.810000,0.220000,0.000000
0.810000,0.230000,0.000000
0.810000,0.240000,0.000000
0.810000,0.250000,0.000000
0.810000,0.260000,0.000000
0.810000,0.270000,0.000000
0.810000,0.280000,0.000000
0.810000,0.290000,0.000000
0.810000,0.300000,0.000000
0.810000,0.310000,0.000000
0.810000,0.320000,0.000000
0.810000,0.330000,0.000000
0.810000,0.340000,0.000000
0.810000,0.350000,0.000000
0.810000,0.360000,0.000000
0.810000,0.370000,0.000000
0.810000,0.380000,0.000000
0.810000,0.390000,0.000000
0.810000,0.400000,0.000000
0.810000,0.410000,0.000000
0.810000,0.420000,0.000000
0.810000,0.430000,0.000000
0.810000,0.440000,0.000000
0.810000,0.450000,0.000000
0.810000,0.460000,0.000000
0.820000,-1.030000,0.000000
0.820000,-1.020000,0.000000
0.820000,-1.010000,0.000000
0.820000,-1.000000,0.000000
0.820000,-0.990000,0.000000
0.820000,-0.980000,0.000000
0.820000,-0.970000,0.000000
0.820000,-0.960000,0.000000
0.820000,-0.950000,0.000000
0.820000,-0.940000,0.000000
0.820000,-0.930000,0.000000
0.820000,-0.920000,0.000000
0.820000,-0.910000,0.000000
0.820000,-0.900000,0.000000
0.820000,-0.890000,0.000000
0.820000,-0.880000,0.000000
0.820000,-0.870000,0.000000
0.820000,-0.860000,0.000000
0.820000,-0.850000,0.000000
0.820000,-0.840000,0.000000
0.820000,-0.830000,0.000000
0.820000,-0.820000,0.000000
0.820000,-0.810000,0.000000
0.820000,-0.800000,0.000000
0.820000,-0.790000,0.000000
0.820000,-0.780000,0.000000
0.820000,-0.770000,0.000000
0.820000,-0.760000,0.000000
0.820000,-0.750000,0.000000
0.820000,-0.740000,0.000000
0.820000,-0.730000,0.000000
0.820000,-0.720000,0.000000
0.820000,-0.710000,0.000000
0.820000,-0.700000,0.000000
0.820000,-0.690000,0.000000
0.820000,-0.680000,0.000000
0.820000,-0.670000,0.000000
0.820000,-0.660000,0.000000
0.820000,-0.650000,0.000000
0.820000,-0.640000,0.000000
0.820000,-0.630000,0.000000
0.820000,-0.620000,0.000000
0.820000,-0.610000,0.000000
0.820000,-0.600000,0.000000
0.820000,-0.590000,0.000000
0.820000,-0.580000,0.000000
0.820000,-0.570000,0.000000
0.820000,-0.560000,0.000000
0.820000,-0.550000,0.000000
0.820000,-0.540000,0.000000
0.820000,-0.530000,0.000000
0.820000,-0.520000,0.000000
0.820000,-0.510000,0.000000
0.820000,-0.500000,0.000000
0.820000,-0.490000,0.000000
0.820000,-0.480000,0.000000
0.820000,-0.470000,0.000000
0.820000,-0.460000,0.000000
0.820000,-0.450000,0.000000
0.820000,-0.440000,0.000000
0.820000,-0.430000,0.000000
0.820000,-0.420000,0.000000
0.820000,-0.410000,0.000000
0.820000,-0.400000,0.000000
0.820000,-0.390000,0.000000
0.820000,-0.380000,0.000000
0.820000,-0.370000,0.000000
0.820000,-0.360000,0.000000
0.820000,-0.350000,0.000000
0.820000,-0.340000,0.000000
0.820000,-0.330000,0.000000
0.820000,-0.320000,0.000000
0.820000,-0.310000,0.000000
0.820000,-0.300000,0.000000
0.820000,-0.290000,0.000000
0.820000,-0.280000,0.000000
0.820000,-0.270000,0.000000
0.820000,-0.260000,0.000000
0.820000,-0.250000,0.000000
0.820000,-0.240000,0.000000
0.820000,-0.230000,0.000000
0.820000,-0.220000,0.000000
0.820000,-0.210000,0.000000
0.820000,-0.200000,0.000000
0.820000,-0.190000,0.000000
0.820000,-0.180000,0.000000
0.820000,-0.170000,0.000000
0.820000,-0.160000,0.000000
0.820000,-0.150000,0.000000
0.820000,-0.140000,0.000000
0.820000,-0.130000,0.000000
0.820000,-0.120000,0.000000
0.820000,-0.110000,0.000000
0.820000,-0.100000,0.000000
0.820000,-0.090000,0.000000
0.820000,-0.080000,0.000000
0.820000,-0.070000,0.000000
0.820000,-0.060000,0.000000
0.820000,-0.050000,0.000000
0.820000,-0.040000,0.000000
0.820000,-0.030000,0.000000
0.820000,-0.020000,0.000000
0.820000,-0.010000,0.000000
0.820000,0.000000,0.000000
0.820000,0.010000,0.000000
0.820000,0.020000,0.000000
0.820000,0.030000,0.000000
0.820000,0.040000,0.000000
0.820000,0.050000,0.000000
0.820000,0.060000,0.000000
0.820000,0.070000,0.000000
0.820000,0.080000,0.000000
0.820000,0.090000,0.000000
0.820000,0.100000,0.000000
0.820000,0.110000,0.000000
0.820000,0.120000,0.000000
0.820000,0.130000,0.000000
0.820000,0.140000,0.000000
0.820000,0.150000,0.000000
0.820000,0.160000,0.000000
0.820000,0.170000,0.000000
0.820000,0.180000,0.000000
0.820000,0.190000,0.000000
0.820000,0.200000,0.000000
0.820000,0.210000,0.000000
0.820000,0.220000,0.000000
0.820000,0.230000,0.000000
0.820000,0.240000,0.000000
0.820000,0.250000,0.000000
0.820000,0.260000,0.000000
0.820000,0.270000,0.000000
0.820000,0.280000,0.000000
0.820000,0.290000,0.000000
0.820000,0.300000,0.000000
0.820000,0.310000,0.000000
0.820000,0.320000,0.000000
0.820000,0.330000,0.000000
0.820000,0.340000,0.000000
0.820000,0.350000,0.000000
0.820000,0.360000,0.000000
0.820000,0.370000,0.000000
0.820000,0.380000,0.000000
0.820000,0.390000,0.000000
0.820000,0.400000,0.000000
0.820000,0.410000,0.000000
0.820000,0.420000,0.000000
0.820000,0.430000,0.000000
0.820000,0.440000,0.000000
0.820000,0.450000,0.000000
0.820000,0.460000,0.000000
0.830000,-1.030000,0.000000
0.830000,-1.020000,0.000000
0.830000,-1.010000,0.000000
0.830000,-1.000000,0.000000
0.830000,-0.990000,0.000000
0.830000,-0.980000,0.000000
0.830000,-0.970000,0.000000
0.830000,-0.960000,0.000000
0.830000,-0.950000,0.000000
0.830000,-0.940000,0.000000
0.830000,-0.930000,0.000000
0.830000,-0.920000,0.000000
0.830000,-0.910000,0.000000
0.830000,-0.900000,0.000000
0.830000,-0.890000,0.000000
0.830000,-0.880000,0.000000
0.830000,-0.870000,0.000000
0.830000,-0.860000,0.000000
0.830000,-0.850000,0.000000
0.830000,-0.840000,0.000000
0.830000,-0.830000,0.000000
0.830000,-0.820000,0.000000
0.830000,-0.810000,0.000000
0.830000,-0.800000,0.000000
0.830000,-0.790000,0.000000
0.830000,-0.780000,0.000000
0.830000,-0.770000,0.000000
0.830000,-0.760000,0.000000
0.830000,-0.750000,0.000000
0.830000,-0.740000,0.000000
0.830000,-0.730000,0.000000
0.830000,-0.720000,0.000000
0.830000,-0.710000,0.000000
0.830000,-0.700000,0.000000
0.830000,-0.690000,0.000000
0.830000,-0.680000,0.000000
0.830000,-0.670000,0.000000
0.830000,-0.660000,0.000000
0.830000,-0.650000,0.000000
0.830000,-0.640000,0.000000
0.830000,-0.630000,0.000000
0.830000,-0.620000,0.000000
0.830000,-0.610000,0.000000
0.830000,-0.600000,0.000000
0.830000,-0.590000,0.000000
0.830000,-0.580000,0.000000
0.830000,-0.570000,0.000000
0.830000,-0.560000,0.000000
0.830000,-0.550000,0.000000
0.830000,-0.540000,0.000000
0.830000,-0.530000,0.000000
0.830000,-0.520000,0.000000
0.830000,-0.510000,0.000000
0.830000,-0.500000,0.000000
0.830000,-0.490000,0.000000
0.830000,-0.480000,0.000000
0.830000,-0.470000,0.000000
0.830000,-0.460000,0.000000
0.830000,-0.450000,0.000000
0.830000,-0.440000,0.000000
0.830000,-0.430000,0.000000
0.830000,-0.420000,0.000000
0.830000,-0.410000,0.000000
0.830000,-0.400000,0.000000
0.830000,-0.390000,0.000000
0.830000,-0.380000,0.000000
0.830000,-0.370000,0.000000
0.830000,-0.360000,0.000000
0.830000,-0.350000,0.000000
0.830000,-0.340000,0.000000
0.830000,-0.330000,0.000000
0.830000,-0.320000,0.000000
0.830000,-0.310000,0.000000
0.830000,-0.300000,0.000000
0.830000,-0.290000,0.000000
0.830000,-0.280000,0.000000
0.830000,-0.270000,0.000000
0.830000,-0.260000,0.000000
0.830000,-0.250000,0.000000
0.830000,-0.240000,0.000000
0.830000,-0.230000,0.000000
0.830000,-0.220000,0.000000
0.830000,-0.210000,0.000000
0.830000,-0.200000,0.000000
0.830000,-0.190000,0.000000
0.830000,-0.180000,0.000000
0.830000,-0.170000,0.000000
0.830000,-0.160000,0.000000
0.830000,-0.150000,0.000000
0.830000,-0.140000,0.000000
0.830000,-0.130000,0.000000
0.830000,-0.120000,0.000000
0.830000,-0.110000,0.000000
0.830000,-0.100000,0.000000
0.830000,-0.090000,0.000000
0.830000,-0.080000,0.000000
0.830000,-0.070000,0.000000
0.830000,-0.060000,0.000000
0.830000,-0.050000,0.000000
0.830000,-0.040000,0.000000
0.830000,-0.030000,0.000000
0.830000,-0.020000,0.000000
0.830000,-0.010000,0.000000
0.830000,0.000000,0.000000
0.830000,0.010000,0.000000
0.830000,0.020000,0.000000
0.830000,0.030000,0.000000
0.830000,0.040000,0.000000
0.830000,0.050000,0.000000
0.830000,0.060000,0.000000
0.830000,0.070000,0.000000
0.830000,0.080000,0.000000
0.830000,0.090000,0.000000
0.830000,0.100000,0.000000
0.830000,0.110000,0.000000
0.830000,0.120000,0.000000
0.830000,0.130000,0.000000
0.830000,0.140000,0.000000
0.830000,0.150000,0.000000
0.830000,0.160000,0.000000
0.830000,0.170000,0.000000
0.830000,0.180000,0.000000
0.830000,0.190000,0.000000
0.830000,0.200000,0.000000
0.830000,0.210000,0.000000
0.830000,0.220000,0.000000
0.830000,0.230000,0.000000
0.830000,0.240000,0.000000
0.830000,0.250000,0.000000
0.830000,0.260000,0.000000
0.830000,0.270000,0.000000
0.830000,0.280000,0.000000
0.830000,0.290000,0.000000
0.830000,0.300000,0.000000
0.830000,0.310000,0.000000
0.830000,0.320000,0.000000
0.830000,0.330000,0.000000
0.830000,0.340000,0.000000
0.830000,0.350000,0.000000
0.830000,0.360000,0.000000
0.830000,0.370000,0.000000
0.830000,0.380000,0.000000
0.830000,0.390000,0.000000
0.830000,0.400000,0.000000
0.830000,0.410000,0.000000
0.830000,0.420000,0.000000
0.830000,0.430000,0.000000
0.830000,0.440000,0.000000
0.830000,0.450000,0.000000
0.830000,0.460000,0.000000
0.840000,-1.030000,0.000000
0.840000,-1.020000,0.000000
0.840000,-1.010000,0.000000
0.840000,-1.000000,0.000000
0.840000,-0.990000,0.000000
0.840000,-0.980000,0.000000
0.840000,-0.970000,0.000000
0.840000,-0.960000,0.000000
0.840000,-0.950000,0.000000
0.840000,-0.940000,0.000000
0.840000,-0.930000,0.000000
0.840000,-0.920000,0.000000
0.840000,-0.910000,0.000000
0.840000,-0.900000,0.000000
0.840000,-0.890000,0.000000
0.840000,-0.880000,0.000000
0.840000,-0.870000,0.000000
0.840000,-0.860000,0.000000
0.840000,-0.850000,0.000000
0.840000,-0.840000,0.000000
0.840000,-0.830000,0.000000
0.840000,-0.820000,0.000000
0.840000,-0.810000,0.000000
0.840000,-0.800000,0.000000
0.840000,-0.790000,0.000000
0.840000,-0.780000,0.000000
0.840000,-0.770000,0.000000
0.840000,-0.760000,0.000000
0.840000,-0.750000,0.000000
0.840000,-0.740000,0.000000
0.840000,-0.730000,0.000000
0.840000,-0.720000,0.000000
0.840000,-0.710000,0.000000
0.840000,-0.700000,0.000000
0.840000,-0.690000,0.000000
0.840000,-0.680000,0.000000
0.840000,-0.670000,0.000000
0.840000,-0.660000,0.000000
0.840000,-0.650000,0.000000
0.840000,-0.640000,0.000000
0.840000,-0.630000,0.000000
0.840000,-0.620000,0.000000
0.840000,-0.610000,0.000000
0.840000,-0.600000,0.000000
0.840000,-0.590000,0.000000
0.840000,-0.580000,0.000000
0.840000,-0.570000,0.000000
0.840000,-0.560000,0.000000
0.840000,-0.550000,0.000000
0.840000,-0.540000,0.000000
0.840000,-0.530000,0.000000
0.840000,-0.520000,0.000000
0.840000,-0.510000,0.000000
0.840000,-0.500000,0.000000
0.840000,-0.490000,0.000000
0.840000,-0.480000,0.000000
0.840000,-0.470000,0.000000
0.840000,-0.460000,0.000000
0.840000,-0.450000,0.000000
0.840000,-0.440000,0.000000
0.840000,-0.430000,0.000000
0.840000,-0.420000,0.000000
0.840000,-0.410000,0.000000
0.840000,-0.400000,0.000000
0.840000,-0.390000,0.000000
0.840000,-0.380000,0.000000
0.840000,-0.370000,0.000000
0.840000,-0.360000,0.000000
0.840000,-0.350000,0.000000
0.840000,-0.340000,0.000000
0.840000,-0.330000,0.000000
0.840000,-0.320000,0.000000
0.840000,-0.310000,0.000000
0.840000,-0.300000,0.000000
0.840000,-0.290000,0.000000
0.840000,-0.280000,0.000000
0.840000,-0.270000,0.000000
0.840000,-0.260000,0.000000
0.840000,-0.250000,0.000000
0.840000,-0.240000,0.000000
0.840000,-0.230000,0.000000
0.840000,-0.220000,0.000000
0.840000,-0.210000,0.000000
0.840000,-0.200000,0.000000
0.840000,-0.190000,0.000000
0.840000,-0.180000,0.000000
0.840000,-0.170000,0.000000
0.840000,-0.160000,0.000000
0.840000,-0.150000,0.000000
0.840000,-0.140000,0.000000
0.840000,-0.130000,0.000000
0.840000,-0.120000,0.000000
0.840000,-0.110000,0.000000
0.840000,-0.100000,0.000000
0.840000,-0.090000,0.000000
0.840000,-0.080000,0.000000
0.840000,-0.070000,0.000000
0.840000,-0.060000,0.000000
0.840000,-0.050000,0.000000
0.840000,-0.040000,0.000000
0.840000,-0.030000,0.000000
0.840000,-0.020000,0.000000
0.840000,-0.010000,0.000000
0.840000,0.000000,0.000000
0.840000,0.010000,0.000000
0.840000,0.020000,0.000000
0.840000,0.030000,0.000000
0.840000,0.040000,0.000000
0.840000,0.050000,0.000000
0.840000,0.060000,0.000000
0.840000,0.070000,0.000000
0.840000,0.080000,0.000000
0.840000,0.090000,0.000000
0.840000,0.100000,0.000000
0.840000,0.110000,0.000000
0.840000,0.120000,0.000000
0.840000,0.130000,0.000000
0.840000,0.140000,0.000000
0.840000,0.150000,0.000000
0.840000,0.160000,0.000000
0.840000,0.170000,0.000000
0.840000,0.180000,0.000000
0.840000,0.190000,0.000000
0.840000,0.200000,0.000000
0.840000,0.210000,0.000000
0.840000,0.220000,0.000000
0.840000,0.230000,0.000000
0.840000,0.240000,0.000000
0.840000,0.250000,0.000000
0.840000,0.260000,0.000000
0.840000,0.270000,0.000000
0.840000,0.280000,0.000000
0.840000,0.290000,0.000000
0.840000,0.300000,0.000000
0.840000,0.310000,0.000000
0.840000,0.320000,0.000000
0.840000,0.330000,0.000000
0.840000,0.340000,0.000000
0.840000,0.350000,0.000000
0.840000,0.360000,0.000000
0.840000,0.370000,0.000000
0.840000,0.380000,0.000000
0.840000,0.390000,0.000000
0.840000,0.400000,0.000000
0.840000,0.410000,0.000000
0.840000,0.420000,0.000000
0.840000,0.430000,0.000000
0.840000,0.440000,0.000000
0.840000,0.450000,0.000000
0.840000,0.460000,0.000000
0.850000,-1.030000,0.000000
0.850000,-1.020000,0.000000
0.850000,-1.010000,0.000000
0.850000,-1.000000,0.000000
0.850000,-0.990000,0.000000
0.850000,-0.980000,0.000000
0.850000,-0.970000,0.000000
0.850000,-0.960000,0.000000
0.850000,-0.950000,0.000000
0.850000,-0.940000,0.000000
0.850000,-0.930000,0.000000
0.850000,-0.920000,0.000000
0.850000,-0.910000,0.000000
0.850000,-0.900000,0.000000
0.850000,-0.890000,0.000000
0.850000,-0.880000,0.000000
0.850000,-0.870000,0.000000
0.850000,-0.860000,0.000000
0.850000,-0.850000,0.000000
0.850000,-0.840000,0.000000
0.850000,-0.830000,0.000000
0.850000,-0.820000,0.000000
0.850000,-0.810000,0.000000
0.850000,-0.800000,0.000000
0.850000,-0.790000,0.000000
0.850000,-0.780000,0.000000
0.850000,-0.770000,0.000000
0.850000,-0.760000,0.000000
0.850000,-0.750000,0.000000
0.850000,-0.740000,0.000000
0.850000,-0.730000,0.000000
0.850000,-0.720000,0.000000
0.850000,-0.710000,0.000000
0.850000,-0.700000,0.000000
0.850000,-0.690000,0.000000
0.850000,-0.680000,0.000000
0.850000,-0.670000,0.000000
0.850000,-0.660000,0.000000
0.850000,-0.650000,0.000000
0.850000,-0.640000,0.000000
0.850000,-0.630000,0.000000
0.850000,-0.620000,0.000000
0.850000,-0.610000,0.000000
0.850000,-0.600000,0.000000
0.850000,-0.590000,0.000000
0.850000,-0.580000,0.000000
0.850000,-0.570000,0.000000
0.850000,-0.560000,0.000000
0.850000,-0.550000,0.000000
0.850000,-0.540000,0.000000
0.850000,-0.530000,0.000000
0.850000,-0.520000,0.000000
0.850000,-0.510000,0.000000
0.850000,-0.500000,0.000000
0.850000,-0.490000,0.000000
0.850000,-0.480000,0.000000
0.850000,-0.470000,0.000000
0.850000,-0.460000,0.000000
0.850000,-0.450000,0.000000
0.850000,-0.440000,0.000000
0.850000,-0.430000,0.000000
0.850000,-0.420000,0.000000
0.850000,-0.410000,0.000000
0.850000,-0.400000,0.000000
0.850000,-0.390000,0.000000
0.850000,-0.380000,0.000000
0.850000,-0.370000,0.000000
0.850000,-0.360000,0.000000
0.850000,-0.350000,0.000000
0.850000,-0.340000,0.000000
0.850000,-0.330000,0.000000
0.850000,-0.320000,0.000000
0.850000,-0.310000,0.000000
0.850000,-0.300000,0.000000
0.850000,-0.290000,0.000000
0.850000,-0.280000,0.000000
0.850000,-0.270000,0.000000
0.850000,-0.260000,0.000000
0.850000,-0.250000,0.000000
0.850000,-0.240000,0.000000
0.850000,-0.230000,0.000000
0.850000,-0.220000,0.000000
0.850000,-0.210000,0.000000
0.850000,-0.200000,0.000000
0.850000,-0.190000,0.000000
0.850000,-0.180000,0.000000
0.850000,-0.170000,0.000000
0.850000,-0.160000,0.000000
0.850000,-0.150000,0.000000
0.850000,-0.140000,0.000000
0.850000,-0.130000,0.000000
0.850000,-0.120000,0.000000
0.850000,-0.110000,0.000000
0.850000,-0.100000,0.000000
0.850000,-0.090000,0.000000
0.850000,-0.080000,0.000000
0.850000,-0.070000,0.000000
0.850000,-0.060000,0.000000
0.850000,-0.050000,0.000000
0.850000,-0.040000,0.000000
0.850000,-0.030000,0.000000
0.850000,-0.020000,0.000000
0.850000,-0.010000,0.000000
0.850000,0.000000,0.000000
0.850000,0.010000,0.000000
0.850000,0.020000,0.000000
0.850000,0.030000,0.000000
0.850000,0.040000,0.000000
0.850000,0.050000,0.000000
0.850000,0.060000,0.000000
0.850000,0.070000,0.000000
0.850000,0.080000,0.000000
0.850000,0.090000,0.000000
0.850000,0.100000,0.000000
0.850000,0.110000,0.000000
0.850000,0.120000,0.000000
0.850000,0.130000,0.000000
0.850000,0.140000,0.000000
0.850000,0.150000,0.000000
0.850000,0.160000,0.000000
0.850000,0.170000,0.000000
0.850000,0.180000,0.000000
0.850000,0.190000,0.000000
0.850000,0.200000,0.000000
0.850000,0.210000,0.000000
0.850000,0.220000,0.000000
0.850000,0.230000,0.000000
0.850000,0.240000,0.000000
0.850000,0.250000,0.000000
0.850000,0.260000,0.000000
0.850000,0.270000,0.000000
0.850000,0.280000,0.000000
0.850000,0.290000,0.000000
0.850000,0.300000,0.000000
0.850000,0.310000,0.000000
0.850000,0.320000,0.000000
0.850000,0.330000,0.000000
0.850000,0.340000,0.000000
0.850000,0.350000,0.000000
0.850000,0.360000,0.000000
0.850000,0.370000,0.000000
0.850000,0.380000,0.000000
0.850000,0.390000,0.000000
0.850000,0.400000,0.000000
0.850000,0.410000,0.000000
0.850000,0.420000,0.000000
0.850000,0.430000,0.000000
0.850000,0.440000,0.000000
0.850000,0.450000,0.000000
0.850000,0.460000,0.000000
0.860000,-1.030000,0.000000
0.860000,-1.020000,0.000000
0.860000,-1.010000,0.000000
0.860000,-1.000000,0.000000
0.860000,-0.990000,0.000000
0.860000,-0.980000,0.000000
0.860000,-0.970000,0.000000
0.860000,-0.960000,0.000000
0.860000,-0.950000,0.000000
0.860000,-0.940000,0.000000
0.860000,-0.930000,0.000000
0.860000,-0.920000,0.000000
0.860000,-0.910000,0.000000
0.860000,-0.900000,0.000000
0.860000,-0.890000,0.000000
0.860000,-0.880000,0.000000
0.860000,-0.870000,0.000000
0.860000,-0.860000,0.000000
0.860000,-0.850000,0.000000
0.860000,-0.840000,0.000000
0.860000,-0.830000,0.000000
0.860000,-0.820000,0.000000
0.860000,-0.810000,0.000000
0.860000,-0.800000,0.000000
0.860000,-0.790000,0.000000
0.860000,-0.780000,0.000000
0.860000,-0.770000,0.000000
0.860000,-0.760000,0.000000
0.860000,-0.750000,0.000000
0.860000,-0.740000,0.000000
0.860000,-0.730000,0.000000
0.860000,-0.720000,0.000000
0.860000,-0.710000,0.000000
0.860000,-0.700000,0.000000
0.860000,-0.690000,0.000000
0.860000,-0.680000,0.000000
0.860000,-0.670000,0.000000
0.860000,-0.660000,0.000000
0.860000,-0.650000,0.000000
0.860000,-0.640000,0.000000
0.860000,-0.630000,0.000000
0.860000,-0.620000,0.000000
0.860000,-0.610000,0.000000
0.860000,-0.600000,0.000000
0.860000,-0.590000,0.000000
0.860000,-0.580000,0.000000
0.860000,-0.570000,0.000000
0.860000,-0.560000,0.000000
0.860000,-0.550000,0.000000
0.860000,-0.540000,0.000000
0.860000,-0.530000,0.000000
0.860000,-0.520000,0.000000
0.860000,-0.510000,0.000000
0.860000,-0.500000,0.000000
0.860000,-0.490000,0.000000
0.860000,-0.480000,0.000000
0.860000,-0.470000,0.000000
0.860000,-0.460000,0.000000
0.860000,-0.450000,0.000000
0.860000,-0.440000,0.000000
0.860000,-0.430000,0.000000
0.860000,-0.420000,0.000000
0.860000,-0.410000,0.000000
0.860000,-0.400000,0.000000
0.860000,-0.390000,0.000000
0.860000,-0.380000,0.000000
0.860000,-0.370000,0.000000
0.860000,-0.360000,0.000000
0.860000,-0.350000,0.000000
0.860000,-0.340000,0.000000
0.860000,-0.330000,0.000000
0.860000,-0.320000,0.000000
0.860000,-0.310000,0.000000
0.860000,-0.300000,0.000000
0.860000,-0.290000,0.000000
0.860000,-0.280000,0.000000
0.860000,-0.270000,0.000000
0.860000,-0.260000,0.000000
0.860000,-0.250000,0.000000
0.860000,-0.240000,0.000000
0.860000,-0.230000,0.000000
0.860000,-0.220000,0.000000
0.860000,-0.210000,0.000000
0.860000,-0.200000,0.000000
0.860000,-0.190000,0.000000
0.860000,-0.180000,0.000000
0.860000,-0.170000,0.000000
0.860000,-0.160000,0.000000
0.860000,-0.150000,0.000000
0.860000,-0.140000,0.000000
0.860000,-0.130000,0.000000
0.860000,-0.120000,0.000000
0.860000,-0.110000,0.000000
0.860000,-0.100000,0.000000
0.860000,-0.090000,0.000000
0.860000,-0.080000,0.000000
0.860000,-0.070000,0.000000
0.860000,-0.060000,0.000000
0.860000,-0.050000,0.000000
0.860000,-0.040000,0.000000
0.860000,-0.030000,0.000000
0.860000,-0.020000,0.000000
0.860000,-0.010000,0.000000
0.860000,0.000000,0.000000
0.860000,0.010000,0.000000
0.860000,0.020000,0.000000
0.860000,0.030000,0.000000
0.860000,0.040000,0.000000
0.860000,0.050000,0.000000
0.860000,0.060000,0.000000
0.860000,0.070000,0.000000
0.860000,0.080000,0.000000
0.860000,0.090000,0.000000
0.860000,0.100000,0.000000
0.860000,0.110000,0.000000
0.860000,0.120000,0.000000
0.860000,0.130000,0.000000
0.860000,0.140000,0.000000
0.860000,0.150000,0.000000
0.860000,0.160000,0.000000
0.860000,0.170000,0.000000
0.860000,0.180000,0.000000
0.860000,0.190000,0.000000
0.860000,0.200000,0.000000
0.860000,0.210000,0.000000
0.860000,0.220000,0.000000
0.860000,0.230000,0.000000
0.860000,0.240000,0.000000
0.860000,0.250000,0.000000
0.860000,0.260000,0.000000
0.860000,0.270000,0.000000
0.860000,0.280000,0.000000
0.860000,0.290000,0.000000
0.860000,0.300000,0.000000
0.860000,0.310000,0.000000
0.860000,0.320000,0.000000
0.860000,0.330000,0.000000
0.860000,0.340000,0.000000
0.860000,0.350000,0.000000
0.860000,0.360000,0.000000
0.860000,0.370000,0.000000
0.860000,0.380000,0.000000
0.860000,0.390000,0.000000
0.860000,0.400000,0.000000
0.860000,0.410000,0.000000
0.860000,0.420000,0.000000
0.860000,0.430000,0.000000
0.860000,0.440000,0.000000
0.860000,0.450000,0.000000
0.860000,0.460000,0.000000
0.870000,-1.030000,0.000000
0.870000,-1.020000,0.000000
0.870000,-1.010000,0.000000
0.870000,-1.000000,0.000000
0.870000,-0.990000,0.000000
0.870000,-0.980000,0.000000
0.870000,-0.970000,0.000000
0.870000,-0.960000,0.000000
0.870000,-0.950000,0.000000
0.870000,-0.940000,0.000000
0.870000,-0.930000,0.000000
0.870000,-0.920000,0.000000
0.870000,-0.910000,0.000000
0.870000,-0.900000,0.000000
0.870000,-0.890000,0.000000
0.870000,-0.880000,0.000000
0.870000,-0.870000,0.000000
0.870000,-0.860000,0.000000
0.870000,-0.850000,0.000000
0.870000,-0.840000,0.000000
0.870000,-0.830000,0.000000
0.870000,-0.820000,0.000000
0.870000,-0.810000,0.000000
0.870000,-0.800000,0.000000
0.870000,-0.790000,0.000000
0.870000,-0.780000,0.000000
0.870000,-0.770000,0.000000
0.870000,-0.760000,0.000000
0.870000,-0.750000,0.000000
0.870000,-0.740000,0.000000
0.870000,-0.730000,0.000000
0.870000,-0.720000,0.000000
0.870000,-0.710000,0.000000
0.870000,-0.700000,0.000000
0.870000,-0.690000,0.000000
0.870000,-0.680000,0.000000
0.870000,-0.670000,0.000000
0.870000,-0.660000,0.000000
0.870000,-0.650000,0.000000
0.870000,-0.640000,0.000000
0.870000,-0.630000,0.000000
0.870000,-0.620000,0.000000
0.870000,-0.610000,0.000000
0.870000,-0.600000,0.000000
0.870000,-0.590000,0.000000
0.870000,-0.580000,0.000000
0.870000,-0.570000,0.000000
0.870000,-0.560000,0.000000
0.870000,-0.550000,0.000000
0.870000,-0.540000,0.000000
0.870000,-0.530000,0.000000
0.870000,-0.520000,0.000000
0.870000,-0.510000,0.000000
0.870000,-0.500000,0.000000
0.870000,-0.490000,0.000000
0.870000,-0.480000,0.000000
0.870000,-0.470000,0.000000
0.870000,-0.460000,0.000000
0.870000,-0.450000,0.000000
0.870000,-0.440000,0.000000
0.870000,-0.430000,0.000000
0.870000,-0.420000,0.000000
0.870000,-0.410000,0.000000
0.870000,-0.400000,0.000000
0.870000,-0.390000,0.000000
0.870000,-0.380000,0.000000
0.870000,-0.370000,0.000000
0.870000,-0.360000,0.000000
0.870000,-0.350000,0.000000
0.870000,-0.340000,0.000000
0.870000,-0.330000,0.000000
0.870000,-0.320000,0.000000
0.870000,-0.310000,0.000000
0.870000,-0.300000,0.000000
0.870000,-0.290000,0.000000
0.870000,-0.280000,0.000000
0.870000,-0.270000,0.000000
0.870000,-0.260000,0.000000
0.870000,-0.250000,0.000000
0.870000,-0.240000,0.000000
0.870000,-0.230000,0.000000
0.870000,-0.220000,0.000000
0.870000,-0.210000,0.000000
0.870000,-0.200000,0.000000
0.870000,-0.190000,0.000000
0.870000,-0.180000,0.000000
0.870000,-0.170000,0.000000
0.870000,-0.160000,0.000000
0.870000,-0.150000,0.000000
0.870000,-0.140000,0.000000
0.870000,-0.130000,0.000000
0.870000,-0.120000,0.000000
0.870000,-0.110000,0.000000
0.870000,-0.100000,0.000000
0.870000,-0.090000,0.000000
0.870000,-0.080000,0.000000
0.870000,-0.070000,0.000000
0.870000,-0.060000,0.000000
0.870000,-0.050000,0.000000
0.870000,-0.040000,0.000000
0.870000,-0.030000,0.000000
0.870000,-0.020000,0.000000
0.870000,-0.010000,0.000000
0.870000,0.000000,0.000000
0.870000,0.010000,0.000000
0.870000,0.020000,0.000000
0.870000,0.030000,0.000000
0.870000,0.040000,0.000000
0.870000,0.050000,0.000000
0.870000,0.060000,0.000000
0.870000,0.070000,0.000000
0.870000,0.080000,0.000000
0.870000,0.090000,0.000000
0.870000,0.100000,0.000000
0.870000,0.110000,0.000000
0.870000,0.120000,0.000000
0.870000,0.130000,0.000000
0.870000,0.140000,0.000000
0.870000,0.150000,0.000000
0.870000,0.160000,0.000000
0.870000,0.170000,0.000000
0.870000,0.180000,0.000000
0.870000,0.190000,0.000000
0.870000,0.200000,0.000000
0.870000,0.210000,0.000000
0.870000,0.220000,0.000000
0.870000,0.230000,0.000000
0.870000,0.240000,0.000000
0.870000,0.250000,0.000000
0.870000,0.260000,0.000000
0.870000,0.270000,0.000000
0.870000,0.280000,0.000000
0.870000,0.290000,0.000000
0.870000,0.300000,0.000000
0.870000,0.310000,0.000000
0.870000,0.320000,0.000000
0.870000,0.330000,0.000000
0.870000,0.340000,0.000000
0.870000,0.350000,0.000000
0.870000,0.360000,0.000000
0.870000,0.370000,0.000000
0.870000,0.380000,0.000000
0.870000,0.390000,0.000000
0.870000,0.400000,0.000000
0.870000,0.410000,0.000000
0.870000,0.420000,0.000000
0.870000,0.430000,0.000000
0.870000,0.440000,0.000000
0.870000,0.450000,0.000000
0.870000,0.460000,0.000000
0.880000,-1.030000,0.000000
0.880000,-1.020000,0.000000
0.880000,-1.010000,0.000000
0.880000,-1.000000,0.000000
0.880000,-0.990000,0.000000
0.880000,-0.980000,0.000000
0.880000,-0.970000,0.000000
0.880000,-0.960000,0.000000
0.880000,-0.950000,0.000000
0.880000,-0.940000,0.000000
0.880000,-0.930000,0.000000
0.880000,-0.920000,0.000000
0.880000,-0.910000,0.000000
0.880000,-0.900000,0.000000
0.880000,-0.890000,0.000000
0.880000,-0.880000,0.000000
0.880000,-0.870000,0.000000
0.880000,-0.860000,0.000000
0.880000,-0.850000,0.000000
0.880000,-0.840000,0.000000
0.880000,-0.830000,0.000000
0.880000,-0.820000,0.000000
0.880000,-0.810000,0.000000
0.880000,-0.800000,0.000000
0.880000,-0.790000,0.000000
0.880000,-0.780000,0.000000
0.880000,-0.770000,0.000000
0.880000,-0.760000,0.000000
0.880000,-0.750000,0.000000
0.880000,-0.740000,0.000000
0.880000,-0.730000,0.000000
0.880000,-0.720000,0.000000
0.880000,-0.710000,0.000000
0.880000,-0.700000,0.000000
0.880000,-0.690000,0.000000
0.880000,-0.680000,0.000000
0.880000,-0.670000,0.000000
0.880000,-0.660000,0.000000
0.880000,-0.650000,0.000000
0.880000,-0.640000,0.000000
0.880000,-0.630000,0.000000
0.880000,-0.620000,0.000000
0.880000,-0.610000,0.000000
0.880000,-0.600000,0.000000
0.880000,-0.590000,0.000000
0.880000,-0.580000,0.000000
0.880000,-0.570000,0.000000
0.880000,-0.560000,0.000000
0.880000,-0.550000,0.000000
0.880000,-0.540000,0.000000
0.880000,-0.530000,0.000000
0.880000,-0.520000,0.000000
0.880000,-0.510000,0.000000
0.880000,-0.500000,0.000000
0.880000,-0.490000,0.000000
0.880000,-0.480000,0.000000
0.880000,-0.470000,0.000000
0.880000,-0.460000,0.000000
0.880000,-0.450000,0.000000
0.880000,-0.440000,0.000000
0.880000,-0.430000,0.000000
0.880000,-0.420000,0.000000
0.880000,-0.410000,0.000000
0.880000,-0.400000,0.000000
0.880000,-0.390000,0.000000
0.880000,-0.380000,0.000000
0.880000,-0.370000,0.000000
0.880000,-0.360000,0.000000
0.880000,-0.350000,0.000000
0.880000,-0.340000,0.000000
0.880000,-0.330000,0.000000
0.880000,-0.320000,0.000000
0.880000,-0.310000,0.000000
0.880000,-0.300000,0.000000
0.880000,-0.290000,0.000000
0.880000,-0.280000,0.000000
0.880000,-0.270000,0.000000
0.880000,-0.260000,0.000000
0.880000,-0.250000,0.000000
0.880000,-0.240000,0.000000
0.880000,-0.230000,0.000000
0.880000,-0.220000,0.000000
0.880000,-0.210000,0.000000
0.880000,-0.200000,0.000000
0.880000,-0.190000,0.000000
0.880000,-0.180000,0.000000
0.880000,-0.170000,0.000000
0.880000,-0.160000,0.000000
0.880000,-0.150000,0.000000
0.880000,-0.140000,0.000000
0.880000,-0.130000,0.000000
0.880000,-0.120000,0.000000
0.880000,-0.110000,0.000000
0.880000,-0.100000,0.000000
0.880000,-0.090000,0.000000
0.880000,-0.080000,0.000000
0.880000,-0.070000,0.000000
0.880000,-0.060000,0.000000
0.880000,-0.050000,0.000000
0.880000,-0.040000,0.000000
0.880000,-0.030000,0.000000
0.880000,-0.020000,0.000000
0.880000,-0.010000,0.000000
0.880000,0.000000,0.000000
0.880000,0.010000,0.000000
0.880000,0.020000,0.000000
0.880000,0.030000,0.000000
0.880000,0.040000,0.000000
0.880000,0.050000,0.000000
0.880000,0.060000,0.000000
0.880000,0.070000,0.000000
0.880000,0.080000,0.000000
0.880000,0.090000,0.000000
0.880000,0.100000,0.000000
0.880000,0.110000,0.000000
0.880000,0.120000,0.000000
0.880000,0.130000,0.000000
0.880000,0.140000,0.000000
0.880000,0.150000,0.000000
0.880000,0.160000,0.000000
0.880000,0.170000,0.000000
0.880000,0.180000,0.000000
0.880000,0.190000,0.000000
0.880000,0.200000,0.000000
0.880000,0.210000,0.000000
0.880000,0.220000,0.000000
0.880000,0.230000,0.000000
0.880000,0.240000,0.000000
0.880000,0.250000,0.000000
0.880000,0.260000,0.000000
0.880000,0.270000,0.000000
0.880000,0.280000,0.000000
0.880000,0.290000,0.000000
0.880000,0.300000,0.000000
0.880000,0.310000,0.000000
0.880000,0.320000,0.000000
0.880000,0.330000,0.000000
0.880000,0.340000,0.000000
0.880000,0.350000,0.000000
0.880000,0.360000,0.000000
0.880000,0.370000,0.000000
0.880000,0.380000,0.000000
0.880000,0.390000,0.000000
0.880000,0.400000,0.000000
0.880000,0.410000,0.000000
0.880000,0.420000,0.000000
0.880000,0.430000,0.000000
0.880000,0.440000,0.000000
0.880000,0.450000,0.000000
0.880000,0.460000,0.000000
0.890000,-1.030000,0.000000
0.890000,-1.020000,0.000000
0.890000,-1.010000,0.000000
0.890000,-1.000000,0.000000
0.890000,-0.990000,0.000000
0.890000,-0.980000,0.000000
0.890000,-0.970000,0.000000
0.890000,-0.960000,0.000000
0.890000,-0.950000,0.000000
0.890000,-0.940000,0.000000
0.890000,-0.930000,0.000000
0.890000,-0.920000,0.000000
0.890000,-0.910000,0.000000
0.890000,-0.900000,0.000000
0.890000,-0.890000,0.000000
0.890000,-0.880000,0.000000
0.890000,-0.870000,0.000000
0.890000,-0.860000,0.000000
0.890000,-0.850000,0.000000
0.890000,-0.840000,0.000000
0.890000,-0.830000,0.000000
0.890000,-0.820000,0.000000
0.890000,-0.810000,0.000000
0.890000,-0.800000,0.000000
0.890000,-0.790000,0.000000
0.890000,-0.780000,0.000000
0.890000,-0.770000,0.000000
0.890000,-0.760000,0.000000
0.890000,-0.750000,0.000000
0.890000,-0.740000,0.000000
0.890000,-0.730000,0.000000
0.890000,-0.720000,0.000000
0.890000,-0.710000,0.000000
0.890000,-0.700000,0.000000
0.890000,-0.690000,0.000000
0.890000,-0.680000,0.000000
0.890000,-0.670000,0.000000
0.890000,-0.660000,0.000000
0.890000,-0.650000,0.000000
0.890000,-0.640000,0.000000
0.890000,-0.630000,0.000000
0.890000,-0.620000,0.000000
0.890000,-0.610000,0.000000
0.890000,-0.600000,0.000000
0.890000,-0.590000,0.000000
0.890000,-0.580000,0.000000
0.890000,-0.570000,0.000000
0.890000,-0.560000,0.000000
0.890000,-0.550000,0.000000
0.890000,-0.540000,0.000000
0.890000,-0.530000,0.000000
0.890000,-0.520000,0.000000
0.890000,-0.510000,0.000000
0.890000,-0.500000,0.000000
0.890000,-0.490000,0.000000
0.890000,-0.480000,0.000000
0.890000,-0.470000,0.000000
0.890000,-0.460000,0.000000
0.890000,-0.450000,0.000000
0.890000,-0.440000,0.000000
0.890000,-0.430000,0.000000
0.890000,-0.420000,0.000000
0.890000,-0.410000,0.000000
0.890000,-0.400000,0.000000
0.890000,-0.390000,0.000000
0.890000,-0.380000,0.000000
0.890000,-0.370000,0.000000
0.890000,-0.360000,0.000000
0.890000,-0.350000,0.000000
0.890000,-0.340000,0.000000
0.890000,-0.330000,0.000000
0.890000,-0.320000,0.000000
0.890000,-0.310000,0.000000
0.890000,-0.300000,0.000000
0.890000,-0.290000,0.000000
0.890000,-0.280000,0.000000
0.890000,-0.270000,0.000000
0.890000,-0.260000,0.000000
0.890000,-0.250000,0.000000
0.890000,-0.240000,0.000000
0.890000,-0.230000,0.000000
0.890000,-0.220000,0.000000
0.890000,-0.210000,0.000000
0.890000,-0.200000,0.000000
0.890000,-0.190000,0.000000
0.890000,-0.180000,0.000000
0.890000,-0.170000,0.000000
0.890000,-0.160000,0.000000
0.890000,-0.150000,0.000000
0.890000,-0.140000,0.000000
0.890000,-0.130000,0.000000
0.890000,-0.120000,0.000000
0.890000,-0.110000,0.000000
0.890000,-0.100000,0.000000
0.890000,-0.090000,0.000000
0.890000,-0.080000,0.000000
0.890000,-0.070000,0.000000
0.890000,-0.060000,0.000000
0.890000,-0.050000,0.000000
0.890000,-0.040000,0.000000
0.890000,-0.030000,0.000000
0.890000,-0.020000,0.000000
0.890000,-0.010000,0.000000
0.890000,0.000000,0.000000
0.890000,0.010000,0.000000
0.890000,0.020000,0.000000
0.890000,0.030000,0.000000
0.890000,0.040000,0.000000
0.890000,0.050000,0.000000
0.890000,0.060000,0.000000
0.890000,0.070000,0.000000
0.890000,0.080000,0.000000
0.890000,0.090000,0.000000
0.890000,0.100000,0.000000
0.890000,0.110000,0.000000
0.890000,0.120000,0.000000
0.890000,0.130000,0.000000
0.890000,0.140000,0.000000
0.890000,0.150000,0.000000
0.890000,0.160000,0.000000
0.890000,0.170000,0.000000
0.890000,0.180000,0.000000
0.890000,0.190000,0.000000
0.890000,0.200000,0.000000
0.890000,0.210000,0.000000
0.890000,0.220000,0.000000
0.890000,0.230000,0.000000
0.890000,0.240000,0.000000
0.890000,0.250000,0.000000
0.890000,0.260000,0.000000
0.890000,0.270000,0.000000
0.890000,0.280000,0.000000
0.890000,0.290000,0.000000
0.890000,0.300000,0.000000
0.890000,0.310000,0.000000
0.890000,0.320000,0.000000
0.890000,0.330000,0.000000
0.890000,0.340000,0.000000
0.890000,0.350000,0.000000
0.890000,0.360000,0.000000
0.890000,0.370000,0.000000
0.890000,0.380000,0.000000
0.890000,0.390000,0.000000
0.890000,0.400000,0.000000
0.890000,0.410000,0.000000
0.890000,0.420000,0.000000
0.890000,0.430000,0.000000
0.890000,0.440000,0.000000
0.890000,0.450000,0.000000
0.890000,0.460000,0.000000
0.900000,-1.030000,0.000000
0.900000,-1.020000,0.000000
0.900000,-1.010000,0.000000
0.900000,-1.000000,0.000000
0.900000,-0.990000,0.000000
0.900000,-0.980000,0.000000
0.900000,-0.970000,0.000000
0.900000,-0.960000,0.000000
0.900000,-0.950000,0.000000
0.900000,-0.940000,0.000000
0.900000,-0.930000,0.000000
0.900000,-0.920000,0.000000
0.900000,-0.910000,0.000000
0.900000,-0.900000,0.000000
0.900000,-0.890000,0.000000
0.900000,-0.880000,0.000000
0.900000,-0.870000,0.000000
0.900000,-0.860000,0.000000
0.900000,-0.850000,0.000000
0.900000,-0.840000,0.000000
0.900000,-0.830000,0.000000
0.900000,-0.820000,0.000000
0.900000,-0.810000,0.000000
0.900000,-0.800000,0.000000
0.900000,-0.790000,0.000000
0.900000,-0.780000,0.000000
0.900000,-0.770000,0.000000
0.900000,-0.760000,0.000000
0.900000,-0.750000,0.000000
0.900000,-0.740000,0.000000
0.900000,-0.730000,0.000000
0.900000,-0.720000,0.000000
0.900000,-0.710000,0.000000
0.900000,-0.700000,0.000000
0.900000,-0.690000,0.000000
0.900000,-0.680000,0.000000
0.900000,-0.670000,0.000000
0.900000,-0.660000,0.000000
0.900000,-0.650000,0.000000
0.900000,-0.640000,0.000000
0.900000,-0.630000,0.000000
0.900000,-0.620000,0.000000
0.900000,-0.610000,0.000000
0.900000,-0.600000,0.000000
0.900000,-0.590000,0.000000
0.900000,-0.580000,0.000000
0.900000,-0.570000,0.000000
0.900000,-0.560000,0.000000
0.900000,-0.550000,0.000000
0.900000,-0.540000,0.000000
0.900000,-0.530000,0.000000
0.900000,-0.520000,0.000000
0.900000,-0.510000,0.000000
0.900000,-0.500000,0.000000
0.900000,-0.490000,0.000000
0.900000,-0.480000,0.000000
0.900000,-0.470000,0.000000
0.900000,-0.460000,0.000000
0.900000,-0.450000,0.000000
0.900000,-0.440000,0.000000
0.900000,-0.430000,0.000000
0.900000,-0.420000,0.000000
0.900000,-0.410000,0.000000
0.900000,-0.400000,0.000000
0.900000,-0.390000,0.000000
0.900000,-0.380000,0.000000
0.900000,-0.370000,0.000000
0.900000,-0.360000,0.000000
0.900000,-0.350000,0.000000
0.900000,-0.340000,0.000000
0.900000,-0.330000,0.000000
0.900000,-0.320000,0.000000
0.900000,-0.310000,0.000000
0.900000,-0.300000,0.000000
0.900000,-0.290000,0.000000
0.900000,-0.280000,0.000000
0.900000,-0.270000,0.000000
0.900000,-0.260000,0.000000
0.900000,-0.250000,0.000000
0.900000,-0.240000,0.000000
0.900000,-0.230000,0.000000
0.900000,-0.220000,0.000000
0.900000,-0.210000,0.000000
0.900000,-0.200000,0.000000
0.900000,-0.190000,0.000000
0.900000,-0.180000,0.000000
0.900000,-0.170000,0.000000
0.900000,-0.160000,0.000000
0.900000,-0.150000,0.000000
0.900000,-0.140000,0.000000
0.900000,-0.130000,0.000000
0.900000,-0.120000,0.000000
0.900000,-0.110000,0.000000
0.900000,-0.100000,0.000000
0.900000,-0.090000,0.000000
0.900000,-0.080000,0.000000
0.900000,-0.070000,0.000000
0.900000,-0.060000,0.000000
0.900000,-0.050000,0.000000
0.900000,-0.040000,0.000000
0.900000,-0.030000,0.000000
0.900000,-0.020000,0.000000
0.900000,-0.010000,0.000000
0.900000,0.000000,0.000000
0.900000,0.010000,0.000000
0.900000,0.020000,0.000000
0.900000,0.030000,0.000000
0.900000,0.040000,0.000000
0.900000,0.050000,0.000000
0.900000,0.060000,0.000000
0.900000,0.070000,0.000000
0.900000,0.080000,0.000000
0.900000,0.090000,0.000000
0.900000,0.100000,0.000000
0.900000,0.110000,0.000000
0.900000,0.120000,0.000000
0.900000,0.130000,0.000000
0.900000,0.140000,0.000000
0.900000,0.150000,0.000000
0.900000,0.160000,0.000000
0.900000,0.170000,0.000000
0.900000,0.180000,0.000000
0.900000,0.190000,0.000000
0.900000,0.200000,0.000000
0.900000,0.210000,0.000000
0.900000,0.220000,0.000000
0.900000,0.230000,0.000000
0.900000,0.240000,0.000000
0.900000,0.250000,0.000000
0.900000,0.260000,0.000000
0.900000,0.270000,0.000000
0.900000,0.280000,0.000000
0.900000,0.290000,0.000000
0.900000,0.300000,0.000000
0.900000,0.310000,0.000000
0.900000,0.320000,0.000000
0.900000,0.330000,0.000000
0.900000,0.340000,0.000000
0.900000,0.350000,0.000000
0.900000,0.360000,0.000000
0.900000,0.370000,0.000000
0.900000,0.380000,0.000000
0.900000,0.390000,0.000000
0.900000,0.400000,0.000000
0.900000,0.410000,0.000000
0.900000,0.420000,0.000000
0.900000,0.430000,0.000000
0.900000,0.440000,0.000000
0.900000,0.450000,0.000000
0.900000,0.460000,0.000000
0.910000,-1.030000,0.000000
0.910000,-1.020000,0.000000
0.910000,-1.010000,0.000000
0.910000,-1.000000,0.000000
0.910000,-0.990000,0.000000
0.910000,-0.980000,0.000000
0.910000,-0.970000,0.000000
0.910000,-0.960000,0.000000
0.910000,-0.950000,0.000000
0.910000,-0.940000,0.000000
0.910000,-0.930000,0.000000
0.910000,-0.920000,0.000000
0.910000,-0.910000,0.000000
0.910000,-0.900000,0.000000
0.910000,-0.890000,0.000000
0.910000,-0.880000,0.000000
0.910000,-0.870000,0.000000
0.910000,-0.860000,0.000000
0.910000,-0.850000,0.000000
0.910000,-0.840000,0.000000
0.910000,-0.830000,0.000000
0.910000,-0.820000,0.000000
0.910000,-0.810000,0.000000
0.910000,-0.800000,0.000000
0.910000,-0.790000,0.000000
0.910000,-0.780000,0.000000
0.910000,-0.770000,0.000000
0.910000,-0.760000,0.000000
0.910000,-0.750000,0.000000
0.910000,-0.740000,0.000000
0.910000,-0.730000,0.000000
0.910000,-0.720000,0.000000
0.910000,-0.710000,0.000000
0.910000,-0.700000,0.000000
0.910000,-0.690000,0.000000
0.910000,-0.680000,0.000000
0.910000,-0.670000,0.000000
0.910000,-0.660000,0.000000
0.910000,-0.650000,0.000000
0.910000,-0.640000,0.000000
0.910000,-0.630000,0.000000
0.910000,-0.620000,0.000000
0.910000,-0.610000,0.000000
0.910000,-0.600000,0.000000
0.910000,-0.590000,0.000000
0.910000,-0.580000,0.000000
0.910000,-0.570000,0.000000
0.910000,-0.560000,0.000000
0.910000,-0.550000,0.000000
0.910000,-0.540000,0.000000
0.910000,-0.530000,0.000000
0.910000,-0.520000,0.000000
0.910000,-0.510000,0.000000
0.910000,-0.500000,0.000000
0.910000,-0.490000,0.000000
0.910000,-0.480000,0.000000
0.910000,-0.470000,0.000000
0.910000,-0.460000,0.000000
0.910000,-0.450000,0.000000
0.910000,-0.440000,0.000000
0.910000,-0.430000,0.000000
0.910000,-0.420000,0.000000
0.910000,-0.410000,0.000000
0.910000,-0.400000,0.000000
0.910000,-0.390000,0.000000
0.910000,-0.380000,0.000000
0.910000,-0.370000,0.000000
0.910000,-0.360000,0.000000
0.910000,-0.350000,0.000000
0.910000,-0.340000,0.000000
0.910000,-0.330000,0.000000
0.910000,-0.320000,0.000000
0.910000,-0.310000,0.000000
0.910000,-0.300000,0.000000
0.910000,-0.290000,0.000000
0.910000,-0.280000,0.000000
0.910000,-0.270000,0.000000
0.910000,-0.260000,0.000000
0.910000,-0.250000,0.000000
0.910000,-0.240000,0.000000
0.910000,-0.230000,0.000000
0.910000,-0.220000,0.000000
0.910000,-0.210000,0.000000
0.910000,-0.200000,0.000000
0.910000,-0.190000,0.000000
0.910000,-0.180000,0.000000
0.910000,-0.170000,0.000000
0.910000,-0.160000,0.000000
0.910000,-0.150000,0.000000
0.910000,-0.140000,0.000000
0.910000,-0.130000,0.000000
0.910000,-0.120000,0.000000
0.910000,-0.110000,0.000000
0.910000,-0.100000,0.000000
0.910000,-0.090000,0.000000
0.910000,-0.080000,0.000000
0.910000,-0.070000,0.000000
0.910000,-0.060000,0.000000
0.910000,-0.050000,0.000000
0.910000,-0.040000,0.000000
0.910000,-0.030000,0.000000
0.910000,-0.020000,0.000000
0.910000,-0.010000,0.000000
0.910000,0.000000,0.000000
0.910000,0.010000,0.000000
0.910000,0.020000,0.000000
0.910000,0.030000,0.000000
0.910000,0.040000,0.000000
0.910000,0.050000,0.000000
0.910000,0.060000,0.000000
0.910000,0.070000,0.000000
0.910000,0.080000,0.000000
0.910000,0.090000,0.000000
0.910000,0.100000,0.000000
0.910000,0.110000,0.000000
0.910000,0.120000,0.000000
0.910000,0.130000,0.000000
0.910000,0.140000,0.000000
0.910000,0.150000,0.000000
0.910000,0.160000,0.000000
0.910000,0.170000,0.000000
0.910000,0.180000,0.000000
0.910000,0.190000,0.000000
0.910000,0.200000,0.000000
0.910000,0.210000,0.000000
0.910000,0.220000,0.000000
0.910000,0.230000,0.000000
0.910000,0.240000,0.000000
0.910000,0.250000,0.000000
0.910000,0.260000,0.000000
0.910000,0.270000,0.000000
0.910000,0.280000,0.000000
0.910000,0.290000,0.000000
0.910000,0.300000,0.000000
0.910000,0.310000,0.000000
0.910000,0.320000,0.000000
0.910000,0.330000,0.000000
0.910000,0.340000,0.000000
0.910000,0.350000,0.000000
0.910000,0.360000,0.000000
0.910000,0.370000,0.000000
0.910000,0.380000,0.000000
0.910000,0.390000,0.000000
0.910000,0.400000,0.000000
0.910000,0.410000,0.000000
0.910000,0.420000,0.000000
0.910000,0.430000,0.000000
0.910000,0.440000,0.000000
0.910000,0.450000,0.000000
0.910000,0.460000,0.000000
0.920000,-1.030000,0.000000
0.920000,-1.020000,0.000000
0.920000,-1.010000,0.000000
0.920000,-1.000000,0.000000
0.920000,-0.990000,0.000000
0.920000,-0.980000,0.000000
0.920000,-0.970000,0.000000
0.920000,-0.960000,0.000000
0.920000,-0.950000,0.000000
0.920000,-0.940000,0.000000
0.920000,-0.930000,0.000000
0.920000,-0.920000,0.000000
0.920000,-0.910000,0.000000
0.920000,-0.900000,0.000000
0.920000,-0.890000,0.000000
0.920000,-0.880000,0.000000
0.920000,-0.870000,0.000000
0.920000,-0.860000,0.000000
0.920000,-0.850000,0.000000
0.920000,-0.840000,0.000000
0.920000,-0.830000,0.000000
0.920000,-0.820000,0.000000
0.920000,-0.810000,0.000000
0.920000,-0.800000,0.000000
0.920000,-0.790000,0.000000
0.920000,-0.780000,0.000000
0.920000,-0.770000,0.000000
0.920000,-0.760000,0.000000
0.920000,-0.750000,0.000000
0.920000,-0.740000,0.000000
0.920000,-0.730000,0.000000
0.920000,-0.720000,0.000000
0.920000,-0.710000,0.000000
0.920000,-0.700000,0.000000
0.920000,-0.690000,0.000000
0.920000,-0.680000,0.000000
0.920000,-0.670000,0.000000
0.920000,-0.660000,0.000000
0.920000,-0.650000,0.000000
0.920000,-0.640000,0.000000
0.920000,-0.630000,0.000000
0.920000,-0.620000,0.000000
0.920000,-0.610000,0.000000
0.920000,-0.600000,0.000000
0.920000,-0.590000,0.000000
0.920000,-0.580000,0.000000
0.920000,-0.570000,0.000000
0.920000,-0.560000,0.000000
0.920000,-0.550000,0.000000
0.920000,-0.540000,0.000000
0.920000,-0.530000,0.000000
0.920000,-0.520000,0.000000
0.920000,-0.510000,0.000000
0.920000,-0.500000,0.000000
0.920000,-0.490000,0.000000
0.920000,-0.480000,0.000000
0.920000,-0.470000,0.000000
0.920000,-0.460000,0.000000
0.920000,-0.450000,0.000000
0.920000,-0.440000,0.000000
0.920000,-0.430000,0.000000
0.920000,-0.420000,0.000000
0.920000,-0.410000,0.000000
0.920000,-0.400000,0.000000
0.920000,-0.390000,0.000000
0.920000,-0.380000,0.000000
0.920000,-0.370000,0.000000
0.920000,-0.360000,0.000000
0.920000,-0.350000,0.000000
0.920000,-0.340000,0.000000
0.920000,-0.330000,0.000000
0.920000,-0.320000,0.000000
0.920000,-0.310000,0.000000
0.920000,-0.300000,0.000000
0.920000,-0.290000,0.000000
0.920000,-0.280000,0.000000
0.920000,-0.270000,0.000000
0.920000,-0.260000,0.000000
0.920000,-0.250000,0.000000
0.920000,-0.240000,0.000000
0.920000,-0.230000,0.000000
0.920000,-0.220000,0.000000
0.920000,-0.210000,0.000000
0.920000,-0.200000,0.000000
0.920000,-0.190000,0.000000
0.920000,-0.180000,0.000000
0.920000,-0.170000,0.000000
0.920000,-0.160000,0.000000
0.920000,-0.150000,0.000000
0.920000,-0.140000,0.000000
0.920000,-0.130000,0.000000
0.920000,-0.120000,0.000000
0.920000,-0.110000,0.000000
0.920000,-0.100000,0.000000
0.920000,-0.090000,0.000000
0.920000,-0.080000,0.000000
0.920000,-0.070000,0.000000
0.920000,-0.060000,0.000000
0.920000,-0.050000,0.000000
0.920000,-0.040000,0.000000
0.920000,-0.030000,0.000000
0.920000,-0.020000,0.000000
0.920000,-0.010000,0.000000
0.920000,0.000000,0.000000
0.920000,0.010000,0.000000
0.920000,0.020000,0.000000
0.920000,0.030000,0.000000
0.920000,0.040000,0.000000
0.920000,0.050000,0.000000
0.920000,0.060000,0.000000
0.920000,0.070000,0.000000
0.920000,0.080000,0.000000
0.920000,0.090000,0.000000
0.920000,0.100000,0.000000
0.920000,0.110000,0.000000
0.920000,0.120000,0.000000
0.920000,0.130000,0.000000
0.920000,0.140000,0.000000
0.920000,0.150000,0.000000
0.920000,0.160000,0.000000
0.920000,0.170000,0.000000
0.920000,0.180000,0.000000
0.920000,0.190000,0.000000
0.920000,0.200000,0.000000
0.920000,0.210000,0.000000
0.920000,0.220000,0.000000
0.920000,0.230000,0.000000
0.920000,0.240000,0.000000
0.920000,0.250000,0.000000
0.920000,0.260000,0.000000
0.920000,0.270000,0.000000
0.920000,0.280000,0.000000
0.920000,0.290000,0.000000
0.920000,0.300000,0.000000
0.920000,0.310000,0.000000
0.920000,0.320000,0.000000
0.920000,0.330000,0.000000
0.920000,0.340000,0.000000
0.920000,0.350000,0.000000
0.920000,0.360000,0.000000
0.920000,0.370000,0.000000
0.920000,0.380000,0.000000
0.920000,0.390000,0.000000
0.920000,0.400000,0.000000
0.920000,0.410000,0.000000
0.920000,0.420000,0.000000
0.920000,0.430000,0.000000
0.920000,0.440000,0.000000
0.920000,0.450000,0.000000
0.920000,0.460000,0.000000
0.930000,-1.030000,0.000000
0.930000,-1.020000,0.000000
0.930000,-1.010000,0.000000
0.930000,-1.000000,0.000000
0.930000,-0.990000,0.000000
0.930000,-0.980000,0.000000
0.930000,-0.970000,0.000000
0.930000,-0.960000,0.000000
0.930000,-0.950000,0.000000
0.930000,-0.940000,0.000000
0.930000,-0.930000,0.000000
0.930000,-0.920000,0.000000
0.930000,-0.910000,0.000000
0.930000,-0.900000,0.000000
0.930000,-0.890000,0.000000
0.930000,-0.880000,0.000000
0.930000,-0.870000,0.000000
0.930000,-0.860000,0.000000
0.930000,-0.850000,0.000000
0.930000,-0.840000,0.000000
0.930000,-0.830000,0.000000
0.930000,-0.820000,0.000000
0.930000,-0.810000,0.000000
0.930000,-0.800000,0.000000
0.930000,-0.790000,0.000000
0.930000,-0.780000,0.000000
0.930000,-0.770000,0.000000
0.930000,-0.760000,0.000000
0.930000,-0.750000,0.000000
0.930000,-0.740000,0.000000
0.930000,-0.730000,0.000000
0.930000,-0.720000,0.000000
0.930000,-0.710000,0.000000
0.930000,-0.700000,0.000000
0.930000,-0.690000,0.000000
0.930000,-0.680000,0.000000
0.930000,-0.670000,0.000000
0.930000,-0.660000,0.000000
0.930000,-0.650000,0.000000
0.930000,-0.640000,0.000000
0.930000,-0.630000,0.000000
0.930000,-0.620000,0.000000
0.930000,-0.610000,0.000000
0.930000,-0.600000,0.000000
0.930000,-0.590000,0.000000
0.930000,-0.580000,0.000000
0.930000,-0.570000,0.000000
0.930000,-0.560000,0.000000
0.930000,-0.550000,0.000000
0.930000,-0.540000,0.000000
0.930000,-0.530000,0.000000
0.930000,-0.520000,0.000000
0.930000,-0.510000,0.000000
0.930000,-0.500000,0.000000
0.930000,-0.490000,0.000000
0.930000,-0.480000,0.000000
0.930000,-0.470000,0.000000
0.930000,-0.460000,0.000000
0.930000,-0.450000,0.000000
0.930000,-0.440000,0.000000
0.930000,-0.430000,0.000000
0.930000,-0.420000,0.000000
0.930000,-0.410000,0.000000
0.930000,-0.400000,0.000000
0.930000,-0.390000,0.000000
0.930000,-0.380000,0.000000
0.930000,-0.370000,0.000000
0.930000,-0.360000,0.000000
0.930000,-0.350000,0.000000
0.930000,-0.340000,0.000000
0.930000,-0.330000,0.000000
0.930000,-0.320000,0.000000
0.930000,-0.310000,0.000000
0.930000,-0.300000,0.000000
0.930000,-0.290000,0.000000
0.930000,-0.280000,0.000000
0.930000,-0.270000,0.000000
0.930000,-0.260000,0.000000
0.930000,-0.250000,0.000000
0.930000,-0.240000,0.000000
0.930000,-0.230000,0.000000
0.930000,-0.220000,0.000000
0.930000,-0.210000,0.000000
0.930000,-0.200000,0.000000
0.930000,-0.190000,0.000000
0.930000,-0.180000,0.000000
0.930000,-0.170000,0.000000
0.930000,-0.160000,0.000000
0.930000,-0.150000,0.000000
0.930000,-0.140000,0.000000
0.930000,-0.130000,0.000000
0.930000,-0.120000,0.000000
0.930000,-0.110000,0.000000
0.930000,-0.100000,0.000000
0.930000,-0.090000,0.000000
0.930000,-0.080000,0.000000
0.930000,-0.070000,0.000000
0.930000,-0.060000,0.000000
0.930000,-0.050000,0.000000
0.930000,-0.040000,0.000000
0.930000,-0.030000,0.000000
0.930000,-0.020000,0.000000
0.930000,-0.010000,0.000000
0.930000,0.000000,0.000000
0.930000,0.010000,0.000000
0.930000,0.020000,0.000000
0.930000,0.030000,0.000000
0.930000,0.040000,0.000000
0.930000,0.050000,0.000000
0.930000,0.060000,0.000000
0.930000,0.070000,0.000000
0.930000,0.080000,0.000000
0.930000,0.090000,0.000000
0.930000,0.100000,0.000000
0.930000,0.110000,0.000000
0.930000,0.120000,0.000000
0.930000,0.130000,0.000000
0.930000,0.140000,0.000000
0.930000,0.150000,0.000000
0.930000,0.160000,0.000000
0.930000,0.170000,0.000000
0.930000,0.180000,0.000000
0.930000,0.190000,0.000000
0.930000,0.200000,0.000000
0.930000,0.210000,0.000000
0.930000,0.220000,0.000000
0.930000,0.230000,0.000000
0.930000,0.240000,0.000000
0.930000,0.250000,0.000000
0.930000,0.260000,0.000000
0.930000,0.270000,0.000000
0.930000,0.280000,0.000000
0.930000,0.290000,0.000000
0.930000,0.300000,0.000000
0.930000,0.310000,0.000000
0.930000,0.320000,0.000000
0.930000,0.330000,0.000000
0.930000,0.340000,0.000000
0.930000,0.350000,0.000000
0.930000,0.360000,0.000000
0.930000,0.370000,0.000000
0.930000,0.380000,0.000000
0.930000,0.390000,0.000000
0.930000,0.400000,0.000000
0.930000,0.410000,0.000000
0.930000,0.420000,0.000000
0.930000,0.430000,0.000000
0.930000,0.440000,0.000000
0.930000,0.450000,0.000000
0.930000,0.460000,0.000000
